scsp_3D_capsules_channel
  
hydraulic diameter = 61
umax = 0.03
ks = 4.5e-05
nu = 0.0022875
fx = 2.50337e-07
  
Re = 400
Ca = 0.3
  
reference flux = 53.2182
  
nnbins = 26
 
-----------------------------------------------
Relaxing capsules...
relax step 0
relax step 10000
relax step 20000
relax step 30000
relax step 40000
relax step 50000
relax step 60000
relax step 70000
relax step 80000
relax step 0
relax step 10000
relax step 20000
relax step 30000
relax step 40000
relax step 50000
relax step 60000
relax step 70000
relax step 80000
... done relaxing
-----------------------------------------------
 
 
-----------------------------------------------
Equilibrating for 300000 steps...
equilibration step 0
equilibration step 10000
equilibration step 20000
equilibration step 30000
equilibration step 40000
equilibration step 50000
equilibration step 60000
equilibration step 70000
equilibration step 80000
equilibration step 90000
equilibration step 100000
equilibration step 110000
separation = 0.477606 
separation = 0.477606 
separation = 0.462781 
separation = 0.462781 
separation = 0.444092 
separation = 0.444092 
separation = 0.438216 
separation = 0.438216 
separation = 0.425279 
separation = 0.425279 
separation = 0.424182 
separation = 0.424182 
separation = 0.415095 
separation = 0.415095 
separation = 0.417102 
separation = 0.417102 
separation = 0.413679 
separation = 0.413679 
separation = 0.419287 
separation = 0.419287 
separation = 0.418196 
separation = 0.418196 
separation = 0.424871 
separation = 0.424871 
separation = 0.424989 
separation = 0.424989 
separation = 0.426500 
separation = 0.426500 
separation = 0.425492 
separation = 0.425492 
separation = 0.423726 
separation = 0.423726 
separation = 0.421462 
separation = 0.421462 
separation = 0.418789 
separation = 0.418789 
separation = 0.418758 
separation = 0.418758 
separation = 0.418159 
separation = 0.418159 
separation = 0.421505 
separation = 0.421505 
separation = 0.424879 
separation = 0.424879 
separation = 0.432557 
separation = 0.432557 
separation = 0.440812 
separation = 0.440812 
separation = 0.452435 
separation = 0.452435 
separation = 0.464201 
separation = 0.464201 
separation = 0.478869 
separation = 0.478869 
separation = 0.494302 
separation = 0.494302 
separation = 0.491676 
separation = 0.491676 
separation = 0.499673 
separation = 0.499673 
separation = 0.498415 
separation = 0.498415 
separation = 0.476818 
separation = 0.476818 
separation = 0.461625 
separation = 0.461625 
separation = 0.437992 
separation = 0.437992 
separation = 0.425941 
separation = 0.425941 
separation = 0.408576 
separation = 0.408576 
separation = 0.401574 
separation = 0.401574 
separation = 0.389377 
separation = 0.389377 
separation = 0.385100 
separation = 0.385100 
separation = 0.375709 
separation = 0.375709 
separation = 0.369006 
separation = 0.369006 
separation = 0.362552 
separation = 0.362552 
separation = 0.355063 
separation = 0.355063 
separation = 0.352123 
separation = 0.352123 
separation = 0.347083 
separation = 0.347083 
separation = 0.347129 
separation = 0.347129 
separation = 0.344578 
separation = 0.344578 
separation = 0.346964 
separation = 0.346964 
separation = 0.346778 
separation = 0.346778 
separation = 0.351768 
separation = 0.351768 
separation = 0.353953 
separation = 0.353953 
separation = 0.360923 
separation = 0.360923 
separation = 0.365105 
separation = 0.365105 
separation = 0.374165 
separation = 0.374165 
separation = 0.380790 
separation = 0.380790 
separation = 0.392064 
separation = 0.392064 
separation = 0.401168 
separation = 0.401168 
separation = 0.414118 
separation = 0.414118 
separation = 0.424224 
separation = 0.424224 
separation = 0.435634 
separation = 0.435634 
separation = 0.445897 
separation = 0.445897 
separation = 0.456033 
separation = 0.456033 
separation = 0.466547 
separation = 0.466547 
separation = 0.476646 
separation = 0.476646 
separation = 0.488697 
separation = 0.488697 
equilibration step 120000
equilibration step 130000
equilibration step 140000
equilibration step 150000
equilibration step 160000
equilibration step 170000
equilibration step 180000
equilibration step 190000
equilibration step 200000
equilibration step 210000
equilibration step 220000
equilibration step 230000
equilibration step 240000
equilibration step 250000
equilibration step 260000
equilibration step 270000
equilibration step 280000
equilibration step 290000
 
... done equilibrating!
-----------------------------------------------
 
1500
3000
4500
6000
7500
9000
10500
12000
13500
15000
16500
18000
19500
21000
22500
24000
25500
27000
28500
30000
31500
33000
34500
36000
37500
39000
40500
42000
43500
45000
46500
48000
49500
51000
52500
54000
55500
57000
58500
separation = 0.483462 
separation = 0.483462 
separation = 0.496801 
separation = 0.496801 
separation = 0.493983 
separation = 0.493983 
separation = 0.493888 
separation = 0.493888 
separation = 0.493670 
separation = 0.493670 
separation = 0.482048 
separation = 0.482048 
separation = 0.486169 
separation = 0.486169 
separation = 0.479920 
separation = 0.479920 
separation = 0.480162 
separation = 0.480162 
separation = 0.479347 
separation = 0.479347 
separation = 0.479477 
separation = 0.479477 
separation = 0.483694 
separation = 0.483694 
separation = 0.486008 
separation = 0.486008 
separation = 0.497226 
separation = 0.497226 
60000
separation = 0.463108 
separation = 0.463108 
separation = 0.427914 
separation = 0.427914 
separation = 0.414057 
separation = 0.414057 
separation = 0.398483 
separation = 0.398483 
separation = 0.396093 
separation = 0.396093 
separation = 0.392973 
separation = 0.392973 
separation = 0.399121 
separation = 0.399121 
separation = 0.405867 
separation = 0.405867 
separation = 0.418817 
separation = 0.418817 
separation = 0.428917 
separation = 0.428917 
separation = 0.437523 
separation = 0.437523 
separation = 0.445635 
separation = 0.445635 
separation = 0.440234 
separation = 0.440234 
separation = 0.432738 
separation = 0.432738 
separation = 0.420921 
separation = 0.420921 
separation = 0.417355 
separation = 0.417355 
separation = 0.415484 
separation = 0.415484 
separation = 0.421210 
separation = 0.421210 
separation = 0.427805 
separation = 0.427805 
separation = 0.439936 
separation = 0.439936 
separation = 0.450700 
separation = 0.450700 
separation = 0.459526 
separation = 0.459526 
separation = 0.465687 
separation = 0.465687 
separation = 0.469058 
separation = 0.469058 
separation = 0.472645 
separation = 0.472645 
separation = 0.474080 
separation = 0.474080 
separation = 0.478460 
separation = 0.478460 
separation = 0.483173 
separation = 0.483173 
separation = 0.492489 
separation = 0.492489 
61500
63000
64500
66000
67500
69000
70500
72000
73500
75000
76500
78000
79500
81000
82500
84000
85500
87000
88500
90000
91500
93000
94500
96000
97500
99000
100500
102000
103500
105000
106500
108000
109500
111000
112500
114000
115500
117000
118500
120000
121500
123000
124500
126000
127500
129000
130500
132000
133500
135000
136500
138000
139500
141000
142500
144000
145500
147000
148500
150000
151500
153000
154500
156000
157500
159000
160500
162000
163500
165000
166500
168000
169500
171000
172500
174000
175500
177000
178500
180000
181500
183000
184500
186000
187500
189000
190500
192000
193500
195000
196500
198000
199500
201000
202500
204000
205500
207000
208500
210000
211500
213000
214500
216000
217500
219000
220500
222000
223500
225000
226500
228000
229500
231000
232500
234000
235500
237000
238500
240000
241500
243000
244500
246000
247500
249000
250500
252000
253500
255000
256500
258000
259500
261000
262500
264000
265500
267000
268500
270000
271500
273000
274500
276000
277500
279000
280500
282000
283500
285000
286500
288000
289500
291000
292500
294000
295500
297000
298500
300000
