scsp_3D_capsules_slit
  
H = 15.5
umax = 0.03
ks = 0.0003
nu = 0.00775
fx = 1.93548e-06
  
Re = 60
Ca = 0.3
  
reference flux = 74.4
  
nnbins = 26
slurmstepd: error: *** JOB 1219123 ON c1713 CANCELLED AT 2022-06-22T10:17:09 ***
