scsp_3D_capsules_slit
scsp_3D_capsules_slit
scsp_3D_capsules_slit
scsp_3D_capsules_slit
scsp_3D_capsules_slit
scsp_3D_capsules_slit
scsp_3D_capsules_slit
scsp_3D_capsules_slit
scsp_3D_capsules_slit
scsp_3D_capsules_slit
scsp_3D_capsules_slit
scsp_3D_capsules_slit
scsp_3D_capsules_slit
scsp_3D_capsules_slit
scsp_3D_capsules_slit
scsp_3D_capsules_slit
scsp_3D_capsules_slit
scsp_3D_capsules_slit
scsp_3D_capsules_slit
scsp_3D_capsules_slit
scsp_3D_capsules_slit
scsp_3D_capsules_slit
scsp_3D_capsules_slit
scsp_3D_capsules_slit
scsp_3D_capsules_slit
scsp_3D_capsules_slit
scsp_3D_capsules_slit
scsp_3D_capsules_slit
scsp_3D_capsules_slit
scsp_3D_capsules_slit
scsp_3D_capsules_slit
scsp_3D_capsules_slit
  
H = 30.5
umax = 0.03
ks = 0.018
nu = 0.00915
fx = 5.90164e-07
  
Re = 100
Ca = 0.003
  
reference flux = 146.4
  
  
H = 30.5
umax = 0.03
ks = 0.018
nu = 0.00915
fx = 5.90164e-07
  
Re = 100
Ca = 0.003
  
reference flux = 146.4
  
  
H = 30.5
umax = 0.03
ks = 0.018
nu = 0.00915
fx = 5.90164e-07
  
Re = 100
Ca = 0.003
  
reference flux = 146.4
  
  
H = 30.5
umax = 0.03
ks = 0.018
nu = 0.00915
fx = 5.90164e-07
  
Re = 100
Ca = 0.003
  
reference flux = 146.4
  
  
H = 30.5
umax = 0.03
ks = 0.018
nu = 0.00915
fx = 5.90164e-07
  
Re = 100
Ca = 0.003
  
reference flux = 146.4
  
nnbins = 26
  
H = 30.5
umax = 0.03
ks = 0.018
nu = 0.00915
fx = 5.90164e-07
  
Re = 100
Ca = 0.003
  
reference flux = 146.4
  
  
H = 30.5
umax = 0.03
ks = 0.018
nu = 0.00915
fx = 5.90164e-07
  
Re = 100
Ca = 0.003
  
reference flux = 146.4
  
  
H = 30.5
umax = 0.03
ks = 0.018
nu = 0.00915
fx = 5.90164e-07
  
Re = 100
Ca = 0.003
  
reference flux = 146.4
  
  
H = 30.5
umax = 0.03
ks = 0.018
nu = 0.00915
fx = 5.90164e-07
  
Re = 100
Ca = 0.003
  
reference flux = 146.4
  
  
H = 30.5
umax = 0.03
ks = 0.018
nu = 0.00915
fx = 5.90164e-07
  
Re = 100
Ca = 0.003
  
reference flux = 146.4
  
  
H = 30.5
umax = 0.03
ks = 0.018
nu = 0.00915
fx = 5.90164e-07
  
Re = 100
Ca = 0.003
  
reference flux = 146.4
  
nnbins = 26
  
H = 30.5
umax = 0.03
ks = 0.018
nu = 0.00915
fx = 5.90164e-07
  
Re = 100
Ca = 0.003
  
reference flux = 146.4
  
  
H = 30.5
umax = 0.03
ks = 0.018
nu = 0.00915
fx = 5.90164e-07
  
Re = 100
Ca = 0.003
  
reference flux = 146.4
  
  
H = 30.5
umax = 0.03
ks = 0.018
nu = 0.00915
fx = 5.90164e-07
  
Re = 100
Ca = 0.003
  
  
reference flux = 146.4
  
H = 30.5
umax = 0.03
ks = 0.018
nu = 0.00915
fx = 5.90164e-07
  
Re = 100
Ca = 0.003
  
reference flux = 146.4
  
nnbins = 26
  
H = 30.5
umax = 0.03
ks = 0.018
nu = 0.00915
fx = 5.90164e-07
  
Re = 100
Ca = 0.003
  
reference flux = 146.4
  
  
H = 30.5
umax = 0.03
ks = 0.018
nu = 0.00915
fx = 5.90164e-07
  
Re = 100
Ca = 0.003
  
reference flux = 146.4
  
  
H = 30.5
umax = 0.03
ks = 0.018
nu = 0.00915
fx = 5.90164e-07
  
Re = 100
Ca = 0.003
  
reference flux = 146.4
  
nnbins = 26
  
H = 30.5
umax = 0.03
ks = 0.018
nu = 0.00915
fx = 5.90164e-07
  
Re = 100
Ca = 0.003
  
reference flux = 146.4
  
nnbins = 26
  
H = 30.5
umax = 0.03
ks = 0.018
nu = 0.00915
fx = 5.90164e-07
  
Re = 100
Ca = 0.003
  
reference flux = 146.4
  
  
H = 30.5
umax = 0.03
ks = 0.018
nu = 0.00915
fx = 5.90164e-07
  
Re = 100
Ca = 0.003
  
reference flux = 146.4
  
  
H = 30.5
umax = 0.03
ks = 0.018
nu = 0.00915
fx = 5.90164e-07
  
Re = 100
Ca = 0.003
  
reference flux = 146.4
  
  
H = 30.5
  
H = 30.5
umax = 0.03
ks = 0.018
nu = 0.00915
fx = 5.90164e-07
  
Re = 100
Ca = 0.003
  
reference flux = 146.4
  
  
H = 30.5
umax = 0.03
ks = 0.018
nu = 0.00915
fx = 5.90164e-07
  
Re = 100
Ca = 0.003
  
reference flux = 146.4
  
umax = 0.03
ks = 0.018
nu = 0.00915
fx = 5.90164e-07
  
Re = 100
Ca = 0.003
  
reference flux = 146.4
  
  
H = 30.5
umax = 0.03
ks = 0.018
nu = 0.00915
fx = 5.90164e-07
  
  
Re = 100
Ca = 0.003
  
reference flux = 146.4
  
H = 30.5
umax = 0.03
ks = 0.018
nu = 0.00915
fx = 5.90164e-07
  
Re = 100
Ca = 0.003
  
reference flux = 146.4
  
  
H = 30.5
umax = 0.03
ks = 0.018
nu = 0.00915
fx = 5.90164e-07
  
Re = 100
Ca = 0.003
  
reference flux = 146.4
  
  
H = 30.5
umax = 0.03
ks = 0.018
nu = 0.00915
fx = 5.90164e-07
  
Re = 100
Ca = 0.003
  
reference flux = 146.4
  
  
H = 30.5
umax = 0.03
ks = 0.018
nu = 0.00915
fx = 5.90164e-07
  
Re = 100
Ca = 0.003
  
reference flux = 146.4
  
 
-----------------------------------------------
Relaxing capsules...
relax step 0
  
H = 30.5
umax = 0.03
ks = 0.018
nu = 0.00915
fx = 5.90164e-07
  
Re = 100
Ca = 0.003
  
reference flux = 146.4
  
  
H = 30.5
umax = 0.03
ks = 0.018
nu = 0.00915
fx = 5.90164e-07
  
Re = 100
Ca = 0.003
  
reference flux = 146.4
  
nnbins = 26
nnbins = 26
nnbins = 26
nnbins = 26
nnbins = 26
nnbins = 26
nnbins = 26
nnbins = 26
nnbins = 26
nnbins = 26
nnbins = 26
nnbins = 26
nnbins = 26
nnbins = 26
nnbins = 26
nnbins = 26
nnbins = 26
nnbins = 26
nnbins = 26
 
-----------------------------------------------
Relaxing capsules...
relax step 0
nnbins = 26
nnbins = 26
nnbins = 26
nnbins = 26
nnbins = 26
nnbins = 26
nnbins = 26
nnbins = 26
 
-----------------------------------------------
Relaxing capsules...
relax step 0
 
-----------------------------------------------
Relaxing capsules...
relax step 0
 
-----------------------------------------------
Relaxing capsules...
relax step 0
 
-----------------------------------------------
Relaxing capsules...
relax step 0
 
-----------------------------------------------
Relaxing capsules...
relax step 0
 
-----------------------------------------------
Relaxing capsules...
relax step 0
 
-----------------------------------------------
Relaxing capsules...
relax step 0
 
-----------------------------------------------
Relaxing capsules...
relax step 0
 
-----------------------------------------------
Relaxing capsules...
relax step 0
 
-----------------------------------------------
Relaxing capsules...
relax step 0
 
-----------------------------------------------
Relaxing capsules...
relax step 0
 
-----------------------------------------------
Relaxing capsules...
relax step 0
 
-----------------------------------------------
Relaxing capsules...
relax step 0
 
-----------------------------------------------
Relaxing capsules...
relax step 0
 
-----------------------------------------------
Relaxing capsules...
relax step 0
 
-----------------------------------------------
Relaxing capsules...
relax step 0
 
-----------------------------------------------
Relaxing capsules...
relax step 0
 
-----------------------------------------------
Relaxing capsules...
relax step 0
 
-----------------------------------------------
Relaxing capsules...
relax step 0
 
-----------------------------------------------
Relaxing capsules...
relax step 0
 
-----------------------------------------------
Relaxing capsules...
relax step 0
 
-----------------------------------------------
Relaxing capsules...
relax step 0
 
-----------------------------------------------
Relaxing capsules...
relax step 0
 
-----------------------------------------------
Relaxing capsules...
relax step 0
 
-----------------------------------------------
Relaxing capsules...
relax step 0
 
-----------------------------------------------
Relaxing capsules...
relax step 0
 
-----------------------------------------------
Relaxing capsules...
relax step 0
 
-----------------------------------------------
Relaxing capsules...
relax step 0
 
-----------------------------------------------
Relaxing capsules...
relax step 0
 
-----------------------------------------------
Relaxing capsules...
relax step 0
relax step 10000
relax step 10000
relax step 10000
relax step 10000
relax step 10000
relax step 10000
relax step 10000
relax step 10000
relax step 10000
relax step 10000
relax step 10000
relax step 10000
relax step 10000
relax step 10000
relax step 10000
relax step 10000
relax step 10000
relax step 10000
relax step 10000
relax step 10000
relax step 10000
relax step 10000
relax step 10000
relax step 10000
relax step 10000
relax step 10000
relax step 10000
relax step 10000
