scsp_3D_capsules_duct_trains
  
H = 9
umax = 0.0117845
ks = 0.00277749
kb = 0.000497048
  
Ca = 0.3
  
reference flux = 9.39459
  
slurmstepd: error: *** JOB 598706 ON c2107 CANCELLED AT 2025-01-14T08:49:29 ***
