scsp_3D_capsules_duct_trains
  
H = 9
umax = 0.0117845
ks = 0.00833248
kb = 0.00149114
  
Ca = 0.1
  
reference flux = 9.39459
  
slurmstepd: error: *** JOB 617166 ON c2109 CANCELLED AT 2025-01-24T15:57:24 ***
