scsp_3D_capsules_channel
  
hydraulic diameter = 49.0392
umax = 0.03
ks = 0.00215294
nu = 0.0735588
fx = 1.30869e-05
  
Re = 10
Ca = 0.3
  
reference flux = 36.3761
  
nnbins = 26
 
-----------------------------------------------
Relaxing capsules...
relax step 0
separation = 0.380428 
separation = 0.436078 
separation = 0.306966 
separation = 0.431701 
separation = 0.239924 
separation = 0.380428 
separation = 0.380915 
separation = 0.377670 
separation = 0.386873 
separation = 0.199206 
separation = 0.200514 
separation = 0.492178 
separation = 0.250871 
separation = 0.456345 
separation = 0.386873 
separation = 0.456345 
separation = 0.380915 
separation = 0.478196 
separation = 0.466282 
separation = 0.385697 
separation = 0.466282 
separation = 0.385697 
separation = 0.362943 
separation = 0.385697 
separation = 0.480887 
separation = 0.380428 
separation = 0.380915 
separation = 0.380915 
separation = 0.480887 
separation = 0.386873 
separation = 0.456345 
separation = 0.436078 
separation = 0.492178 
separation = 0.478196 
separation = 0.268448 
separation = 0.498452 
separation = 0.397889 
separation = 0.393671 
separation = 0.315258 
separation = 0.245348 
separation = 0.450379 
separation = 0.486762 
separation = 0.205364 
separation = 0.435415 
separation = 0.206073 
separation = 0.463830 
separation = 0.486762 
separation = 0.255818 
separation = 0.498452 
separation = 0.393836 
separation = 0.381535 
separation = 0.450379 
separation = 0.275302 
separation = 0.275302 
separation = 0.490606 
separation = 0.396996 
separation = 0.369962 
separation = 0.490606 
separation = 0.369962 
separation = 0.396996 
separation = 0.396996 
separation = 0.369962 
separation = 0.490712 
separation = 0.393671 
separation = 0.490712 
separation = 0.490712 
separation = 0.393836 
separation = 0.490712 
separation = 0.397889 
separation = 0.486762 
separation = 0.463830 
separation = 0.498452 
separation = 0.498452 
separation = 0.486762 
separation = 0.450379 
separation = 0.398795 
separation = 0.400072 
separation = 0.469462 
separation = 0.275302 
separation = 0.275302 
separation = 0.490606 
separation = 0.410021 
separation = 0.402673 
separation = 0.498189 
separation = 0.253221 
separation = 0.322724 
separation = 0.253221 
separation = 0.210621 
separation = 0.438995 
separation = 0.498189 
separation = 0.211170 
separation = 0.472969 
separation = 0.468901 
separation = 0.405522 
separation = 0.259911 
separation = 0.292780 
separation = 0.382573 
separation = 0.408797 
separation = 0.408797 
separation = 0.382573 
separation = 0.408797 
separation = 0.402673 
separation = 0.382573 
separation = 0.405522 
separation = 0.498189 
separation = 0.410021 
separation = 0.468901 
separation = 0.472969 
separation = 0.404060 
separation = 0.409099 
separation = 0.474123 
separation = 0.263185 
separation = 0.330262 
separation = 0.263185 
separation = 0.441719 
separation = 0.215822 
separation = 0.484374 
separation = 0.420104 
separation = 0.216614 
separation = 0.264378 
separation = 0.302375 
separation = 0.420756 
separation = 0.395015 
separation = 0.395015 
separation = 0.395015 
separation = 0.420756 
separation = 0.414429 
separation = 0.302375 
separation = 0.337545 
separation = 0.273213 
separation = 0.221113 
separation = 0.444443 
separation = 0.428325 
separation = 0.412462 
separation = 0.492936 
separation = 0.221863 
separation = 0.268907 
separation = 0.481762 
separation = 0.419141 
separation = 0.390171 
separation = 0.434955 
separation = 0.406272 
separation = 0.406272 
separation = 0.406272 
separation = 0.430176 
separation = 0.412462 
separation = 0.419141 
separation = 0.492936 
separation = 0.428325 
separation = 0.481762 
separation = 0.310306 
separation = 0.343386 
separation = 0.281284 
separation = 0.428091 
separation = 0.226638 
separation = 0.437618 
separation = 0.447977 
separation = 0.226777 
separation = 0.274372 
separation = 0.420255 
separation = 0.488833 
separation = 0.315985 
separation = 0.315985 
separation = 0.416489 
separation = 0.416489 
separation = 0.436794 
separation = 0.428091 
separation = 0.420255 
separation = 0.437618 
separation = 0.488833 
separation = 0.315985 
separation = 0.315985 
separation = 0.430011 
separation = 0.348978 
separation = 0.288208 
separation = 0.288208 
separation = 0.438746 
separation = 0.231838 
separation = 0.450693 
separation = 0.231930 
separation = 0.278996 
separation = 0.329468 
separation = 0.429238 
separation = 0.481833 
separation = 0.429238 
separation = 0.442840 
separation = 0.423460 
separation = 0.423460 
separation = 0.481833 
separation = 0.423460 
separation = 0.438746 
separation = 0.430011 
separation = 0.329468 
separation = 0.329468 
separation = 0.298278 
separation = 0.355294 
separation = 0.298278 
separation = 0.437413 
separation = 0.460080 
separation = 0.237312 
separation = 0.453404 
separation = 0.451522 
separation = 0.237308 
separation = 0.283640 
separation = 0.283640 
separation = 0.448081 
separation = 0.355294 
separation = 0.340403 
separation = 0.433706 
separation = 0.449112 
separation = 0.433706 
separation = 0.437413 
separation = 0.433706 
separation = 0.460080 
separation = 0.448081 
separation = 0.340403 
separation = 0.340403 
separation = 0.446410 
separation = 0.364148 
separation = 0.308317 
separation = 0.308317 
separation = 0.243606 
separation = 0.456112 
separation = 0.245096 
separation = 0.290546 
separation = 0.351538 
separation = 0.351538 
separation = 0.456476 
separation = 0.443951 
separation = 0.456476 
separation = 0.443951 
separation = 0.446410 
separation = 0.456476 
separation = 0.443951 
separation = 0.351538 
separation = 0.445558 
separation = 0.428245 
separation = 0.472679 
separation = 0.492306 
separation = 0.371922 
separation = 0.318327 
separation = 0.460131 
separation = 0.458820 
separation = 0.249195 
separation = 0.252469 
separation = 0.295233 
separation = 0.403703 
separation = 0.462966 
separation = 0.364416 
separation = 0.364416 
separation = 0.455409 
separation = 0.455409 
separation = 0.455409 
separation = 0.468304 
separation = 0.460131 
separation = 0.364416 
separation = 0.364416 
separation = 0.469569 
separation = 0.377913 
separation = 0.326308 
separation = 0.255012 
separation = 0.462281 
separation = 0.258443 
separation = 0.457922 
separation = 0.300878 
separation = 0.374032 
separation = 0.374032 
separation = 0.475757 
separation = 0.465641 
separation = 0.465641 
separation = 0.475757 
separation = 0.475757 
separation = 0.465641 
separation = 0.469569 
separation = 0.457922 
separation = 0.465172 
separation = 0.385751 
separation = 0.334269 
separation = 0.464979 
separation = 0.260373 
separation = 0.266110 
separation = 0.305643 
separation = 0.478675 
separation = 0.410631 
separation = 0.381558 
separation = 0.488353 
separation = 0.476550 
separation = 0.476550 
separation = 0.488353 
separation = 0.488353 
separation = 0.476550 
separation = 0.465172 
separation = 0.478675 
separation = 0.381558 
separation = 0.381558 
separation = 0.497405 
separation = 0.439545 
separation = 0.464711 
separation = 0.393602 
separation = 0.473419 
separation = 0.342216 
separation = 0.266288 
separation = 0.468400 
separation = 0.342216 
separation = 0.273990 
separation = 0.310412 
separation = 0.488268 
separation = 0.488333 
separation = 0.488333 
separation = 0.488333 
separation = 0.473419 
separation = 0.488268 
separation = 0.394027 
separation = 0.445897 
separation = 0.394027 
separation = 0.472363 
separation = 0.401456 
separation = 0.352149 
separation = 0.272089 
separation = 0.471084 
separation = 0.352149 
separation = 0.496565 
separation = 0.282308 
separation = 0.315262 
separation = 0.480661 
separation = 0.402879 
separation = 0.499905 
separation = 0.499905 
separation = 0.499905 
separation = 0.496565 
separation = 0.480661 
separation = 0.402879 
separation = 0.488019 
separation = 0.362013 
separation = 0.406944 
separation = 0.362013 
