scsp_3D_capsules_slit
  
H = 45.5
umax = 0.03
ks = 0.0054
nu = 0.01365
fx = 3.95604e-07
  
Re = 100
Ca = 0.01
  
reference flux = 218.4
  
nnbins = 26
 
-----------------------------------------------
Relaxing capsules...
relax step 0
relax step 10000
relax step 20000
relax step 30000
relax step 40000
relax step 50000
relax step 60000
relax step 70000
