scsp_3D_capsules_channel
  
hydraulic diameter = 49.0392
umax = 0.03
ks = 0.000107647
nu = 0.00367794
fx = 6.54347e-07
  
Re = 200
Ca = 0.3
  
reference flux = 36.3761
  
nnbins = 26
 
-----------------------------------------------
Relaxing capsules...
relax step 0
relax step 10000
relax step 20000
relax step 30000
relax step 40000
relax step 50000
relax step 60000
relax step 70000
relax step 80000
relax step 0
relax step 10000
relax step 20000
relax step 30000
relax step 40000
relax step 50000
relax step 60000
relax step 70000
relax step 80000
... done relaxing
-----------------------------------------------
 
 
-----------------------------------------------
Equilibrating for 300000 steps...
equilibration step 0
equilibration step 10000
equilibration step 20000
equilibration step 30000
equilibration step 40000
equilibration step 50000
equilibration step 60000
equilibration step 70000
equilibration step 80000
equilibration step 90000
equilibration step 100000
equilibration step 110000
equilibration step 120000
equilibration step 130000
equilibration step 140000
equilibration step 150000
equilibration step 160000
equilibration step 170000
equilibration step 180000
equilibration step 190000
separation = 0.489390 
separation = 0.474497 
separation = 0.439993 
separation = 0.437352 
separation = 0.419486 
separation = 0.429928 
separation = 0.429025 
separation = 0.442665 
separation = 0.443136 
separation = 0.427471 
separation = 0.496492 
separation = 0.496492 
separation = 0.436191 
separation = 0.476999 
separation = 0.476999 
separation = 0.455868 
separation = 0.455868 
separation = 0.438950 
separation = 0.438950 
separation = 0.437818 
separation = 0.437818 
separation = 0.452710 
separation = 0.465873 
separation = 0.421638 
separation = 0.421638 
separation = 0.465873 
separation = 0.484758 
separation = 0.409774 
separation = 0.409774 
separation = 0.484758 
separation = 0.403060 
separation = 0.403060 
separation = 0.400151 
separation = 0.400151 
separation = 0.404775 
separation = 0.404775 
separation = 0.410459 
separation = 0.410459 
separation = 0.417870 
separation = 0.417870 
separation = 0.423656 
separation = 0.423656 
separation = 0.428837 
separation = 0.428837 
separation = 0.435829 
separation = 0.435829 
separation = 0.445171 
separation = 0.445171 
separation = 0.456931 
separation = 0.456931 
separation = 0.469139 
separation = 0.469139 
separation = 0.482524 
separation = 0.482524 
separation = 0.496694 
separation = 0.496694 
separation = 0.463396 
separation = 0.426587 
separation = 0.388527 
separation = 0.488138 
separation = 0.483141 
separation = 0.363058 
separation = 0.363058 
separation = 0.341603 
separation = 0.488110 
separation = 0.339986 
separation = 0.495664 
separation = 0.333233 
separation = 0.344182 
separation = 0.349789 
separation = 0.369970 
separation = 0.383906 
separation = 0.408871 
separation = 0.426922 
separation = 0.454437 
separation = 0.454437 
separation = 0.474024 
equilibration step 200000
equilibration step 210000
equilibration step 220000
equilibration step 230000
equilibration step 240000
equilibration step 250000
equilibration step 260000
equilibration step 270000
equilibration step 280000
equilibration step 290000
 
... done equilibrating!
-----------------------------------------------
 
1500
3000
4500
6000
7500
9000
10500
12000
13500
15000
16500
18000
19500
21000
22500
24000
25500
27000
28500
30000
31500
33000
34500
36000
37500
39000
40500
42000
43500
45000
46500
48000
49500
51000
52500
54000
55500
57000
58500
60000
61500
63000
64500
66000
67500
69000
70500
72000
73500
75000
76500
78000
79500
81000
82500
84000
85500
87000
88500
90000
91500
93000
94500
96000
97500
99000
100500
102000
103500
105000
106500
108000
109500
111000
112500
114000
115500
117000
118500
120000
121500
123000
124500
126000
127500
129000
130500
132000
133500
135000
136500
138000
139500
141000
142500
144000
145500
147000
148500
150000
151500
153000
154500
156000
157500
159000
160500
162000
163500
165000
166500
168000
169500
171000
172500
174000
175500
177000
178500
180000
181500
183000
184500
186000
187500
189000
190500
192000
193500
195000
196500
198000
199500
201000
202500
204000
205500
207000
208500
210000
211500
213000
214500
216000
217500
219000
220500
222000
223500
225000
226500
228000
229500
231000
232500
234000
235500
237000
238500
240000
241500
243000
244500
246000
247500
249000
250500
252000
253500
255000
256500
258000
259500
261000
262500
264000
265500
267000
268500
270000
271500
273000
274500
276000
277500
279000
280500
282000
283500
285000
286500
288000
289500
291000
292500
294000
295500
297000
298500
300000
