scsp_3D_capsules_slit_Janus
  
Capsule ks (Soft) = 0.00813802
Capsule ks (Hard) = 0.0813802
Capsule Kb = 0.000878906
  
H = 32
umax = 0.0520833
fx = 1.69542e-05
Re = 10
  
 
-----------------------------------------------
Equilibrating for 0 steps...
 
... done equilibrating!
-----------------------------------------------
 
10000
20000
30000
40000
50000
60000
70000
80000
90000
100000
110000
120000
130000
140000
150000
160000
170000
180000
190000
200000
210000
220000
230000
240000
250000
260000
270000
280000
290000
300000
