scsp_3D_capsules_slit_trains
  
H = 9
umax = 0.0185185
ks = 0.00411523
kb = 0.000736442
nu = 0.166667
fx = 7.62079e-05
  
Re = 1
Ca = 0.5
  
reference flux = 88.8889
  
nnbins = 26
 
-----------------------------------------------
Equilibrating for 0 steps...
 
... done equilibrating!
-----------------------------------------------
 
10000
20000
30000
40000
50000
60000
70000
80000
90000
100000
110000
120000
130000
140000
150000
160000
170000
180000
190000
200000
210000
220000
230000
240000
250000
260000
270000
280000
290000
300000
310000
320000
330000
340000
350000
360000
370000
380000
390000
400000
410000
420000
430000
440000
450000
460000
470000
480000
490000
500000
510000
520000
530000
540000
550000
560000
570000
580000
590000
600000
610000
620000
630000
640000
650000
660000
670000
680000
690000
700000
710000
720000
730000
740000
750000
760000
770000
780000
790000
800000
810000
820000
830000
840000
850000
860000
870000
880000
890000
900000
910000
920000
930000
940000
950000
960000
970000
980000
990000
1000000
1010000
1020000
1030000
1040000
1050000
1060000
1070000
1080000
1090000
1100000
1110000
1120000
1130000
1140000
1150000
1160000
1170000
1180000
1190000
1200000
1210000
1220000
1230000
1240000
1250000
1260000
1270000
1280000
1290000
1300000
1310000
1320000
1330000
1340000
1350000
1360000
1370000
1380000
1390000
1400000
1410000
1420000
1430000
1440000
1450000
1460000
1470000
1480000
1490000
1500000
1510000
1520000
1530000
1540000
1550000
1560000
1570000
1580000
1590000
1600000
1610000
1620000
1630000
1640000
1650000
separation = 0.338538 
separation = 0.476065 
separation = 0.357913 
separation = 0.491714 
separation = 0.499952 
separation = 0.353723 
separation = 0.496203 
separation = 0.447864 
separation = 0.320401 
separation = 0.389882 
separation = 0.445213 
separation = 0.435567 
separation = 0.459202 
separation = 0.467396 
separation = 0.485554 
separation = 0.413747 
separation = 0.413361 
separation = 0.445972 
separation = 0.354793 
separation = 0.468001 
separation = 0.489198 
separation = 0.432621 
separation = 0.485985 
separation = 0.315652 
separation = 0.245380 
separation = 0.419303 
separation = 0.315308 
separation = 0.392593 
separation = 0.498585 
separation = 0.411397 
separation = 0.407804 
separation = 0.429938 
separation = 0.395375 
separation = 0.467236 
separation = 0.497585 
separation = 0.453572 
separation = 0.419796 
separation = 0.455885 
separation = 0.424884 
separation = 0.438073 
separation = 0.455192 
separation = 0.447622 
separation = 0.488468 
separation = 0.296819 
separation = 0.458669 
separation = 0.334021 
separation = 0.399475 
separation = 0.291513 
separation = 0.479880 
separation = 0.387918 
separation = 0.264390 
separation = 0.415446 
separation = 0.480452 
separation = 0.278598 
separation = 0.389137 
separation = 0.496848 
separation = 0.388104 
separation = 0.468853 
separation = 0.402709 
separation = 0.483895 
separation = 0.466832 
separation = 0.436762 
separation = 0.377696 
separation = 0.417229 
separation = 0.473192 
separation = 0.483269 
separation = 0.170965 
separation = 0.469831 
separation = 0.469831 
1660000
1670000
1680000
1690000
1700000
1710000
1720000
1730000
1740000
1750000
1760000
1770000
1780000
1790000
1800000
1810000
1820000
1830000
1840000
1850000
1860000
1870000
1880000
1890000
1900000
1910000
1920000
1930000
1940000
1950000
1960000
1970000
1980000
1990000
2000000
