scsp_3D_capsules_slit
  
H = 15.5
umax = 0.03
ks = 0.009
nu = 0.2325
fx = 5.80645e-05
  
Re = 2
Ca = 0.3
  
reference flux = 74.4
  
nnbins = 26
slurmstepd: error: *** JOB 1219116 ON c1706 CANCELLED AT 2022-06-22T10:16:54 ***
