scsp_3D_capsules_channel
  
hydraulic diameter = 49.0392
umax = 0.03
ks = 0.000269118
nu = 0.00919485
fx = 1.63587e-06
  
Re = 80
Ca = 0.3
  
reference flux = 36.3761
  
nnbins = 26
 
-----------------------------------------------
Relaxing capsules...
relax step 0
relax step 10000
relax step 20000
relax step 30000
relax step 40000
relax step 50000
relax step 60000
relax step 70000
relax step 80000
relax step 0
relax step 10000
relax step 20000
relax step 30000
relax step 40000
relax step 50000
relax step 60000
relax step 70000
relax step 80000
... done relaxing
-----------------------------------------------
 
 
-----------------------------------------------
Equilibrating for 300000 steps...
equilibration step 0
equilibration step 10000
equilibration step 20000
equilibration step 30000
separation = 0.472956 
separation = 0.457062 
separation = 0.439406 
separation = 0.427299 
separation = 0.411667 
separation = 0.390718 
separation = 0.378857 
separation = 0.365915 
separation = 0.360106 
separation = 0.345852 
separation = 0.337807 
separation = 0.330029 
separation = 0.329926 
separation = 0.329150 
separation = 0.328864 
separation = 0.326673 
separation = 0.319453 
separation = 0.314306 
separation = 0.310054 
separation = 0.309760 
separation = 0.308406 
separation = 0.309785 
separation = 0.310264 
separation = 0.315791 
separation = 0.315791 
separation = 0.317605 
separation = 0.323212 
separation = 0.327907 
separation = 0.337553 
separation = 0.337553 
separation = 0.341784 
separation = 0.341784 
separation = 0.347869 
separation = 0.349915 
separation = 0.352722 
separation = 0.353874 
separation = 0.353874 
separation = 0.353138 
separation = 0.368409 
separation = 0.365634 
separation = 0.380616 
separation = 0.382152 
separation = 0.402685 
separation = 0.408233 
separation = 0.432945 
separation = 0.440751 
separation = 0.466274 
separation = 0.480164 
separation = 0.493219 
separation = 0.466560 
separation = 0.432181 
separation = 0.407283 
separation = 0.382426 
separation = 0.382426 
separation = 0.368143 
separation = 0.355982 
separation = 0.346748 
separation = 0.341347 
separation = 0.339429 
separation = 0.337950 
separation = 0.330856 
separation = 0.321540 
separation = 0.314737 
separation = 0.309556 
separation = 0.305177 
separation = 0.305177 
separation = 0.297218 
separation = 0.292236 
separation = 0.284350 
separation = 0.280859 
separation = 0.280859 
separation = 0.274942 
separation = 0.271730 
separation = 0.260448 
separation = 0.260448 
separation = 0.254736 
separation = 0.248931 
separation = 0.248931 
separation = 0.244748 
separation = 0.244748 
separation = 0.242722 
separation = 0.241824 
separation = 0.241824 
separation = 0.240199 
separation = 0.240677 
separation = 0.240677 
separation = 0.240881 
separation = 0.240881 
separation = 0.242267 
separation = 0.242267 
separation = 0.242358 
separation = 0.243934 
separation = 0.243934 
separation = 0.245411 
separation = 0.245981 
separation = 0.245981 
separation = 0.248408 
separation = 0.248408 
separation = 0.249369 
separation = 0.249369 
separation = 0.251142 
separation = 0.251214 
separation = 0.256144 
separation = 0.256144 
separation = 0.258615 
separation = 0.262311 
separation = 0.260770 
separation = 0.267095 
separation = 0.270053 
separation = 0.276863 
separation = 0.282430 
separation = 0.284796 
separation = 0.290042 
separation = 0.293293 
separation = 0.293251 
separation = 0.298747 
separation = 0.487944 
separation = 0.298747 
separation = 0.297326 
separation = 0.305683 
separation = 0.465992 
separation = 0.302413 
separation = 0.308864 
separation = 0.308864 
separation = 0.307218 
separation = 0.316513 
separation = 0.480310 
separation = 0.493608 
separation = 0.314918 
separation = 0.311393 
separation = 0.314244 
separation = 0.312635 
separation = 0.315503 
separation = 0.316769 
separation = 0.322488 
separation = 0.330182 
separation = 0.342636 
separation = 0.496195 
separation = 0.358628 
separation = 0.358628 
separation = 0.373282 
separation = 0.373282 
separation = 0.373282 
separation = 0.373282 
separation = 0.371772 
separation = 0.371772 
separation = 0.371772 
separation = 0.371772 
separation = 0.379788 
separation = 0.379788 
separation = 0.379788 
separation = 0.379788 
separation = 0.381663 
separation = 0.381663 
separation = 0.381663 
separation = 0.381663 
separation = 0.487632 
separation = 0.382824 
separation = 0.382824 
separation = 0.382824 
separation = 0.382824 
separation = 0.390312 
separation = 0.390312 
separation = 0.390312 
separation = 0.390312 
separation = 0.387475 
separation = 0.387475 
separation = 0.387475 
separation = 0.387475 
separation = 0.400904 
separation = 0.400904 
separation = 0.489462 
separation = 0.400904 
separation = 0.400904 
separation = 0.496993 
separation = 0.401442 
separation = 0.401442 
separation = 0.401442 
separation = 0.401442 
separation = 0.419496 
separation = 0.419496 
separation = 0.419496 
separation = 0.419496 
separation = 0.430796 
separation = 0.430796 
separation = 0.430796 
separation = 0.430796 
separation = 0.459140 
separation = 0.459140 
separation = 0.459140 
separation = 0.459140 
separation = 0.479368 
separation = 0.479368 
separation = 0.479368 
separation = 0.479368 
separation = 0.499673 
separation = 0.492164 
separation = 0.452937 
separation = 0.446649 
separation = 0.469670 
separation = 0.472316 
separation = 0.494073 
separation = 0.496592 
separation = 0.499000 
separation = 0.499155 
separation = 0.478343 
separation = 0.460236 
separation = 0.443529 
separation = 0.440650 
separation = 0.438950 
separation = 0.445943 
separation = 0.449728 
separation = 0.451354 
separation = 0.453097 
separation = 0.450555 
separation = 0.450860 
separation = 0.452701 
separation = 0.456592 
separation = 0.461341 
separation = 0.467281 
separation = 0.474235 
separation = 0.483302 
separation = 0.493071 
separation = 0.498636 
separation = 0.498636 
separation = 0.489651 
separation = 0.489651 
separation = 0.487446 
separation = 0.487446 
separation = 0.482943 
separation = 0.482943 
separation = 0.484396 
separation = 0.484396 
separation = 0.484024 
separation = 0.484024 
separation = 0.488511 
separation = 0.488511 
separation = 0.492259 
separation = 0.492259 
separation = 0.499392 
separation = 0.499392 
separation = 0.493550 
separation = 0.483031 
separation = 0.473778 
separation = 0.463793 
separation = 0.447295 
separation = 0.436508 
separation = 0.410510 
separation = 0.399623 
separation = 0.376514 
separation = 0.365354 
separation = 0.365354 
separation = 0.347157 
separation = 0.331359 
separation = 0.327127 
separation = 0.318240 
separation = 0.317512 
separation = 0.317512 
separation = 0.312049 
separation = 0.312049 
separation = 0.312216 
separation = 0.312216 
separation = 0.305340 
separation = 0.306081 
separation = 0.296481 
separation = 0.293769 
separation = 0.285401 
separation = 0.284416 
separation = 0.278076 
separation = 0.277984 
separation = 0.273643 
separation = 0.273643 
separation = 0.273294 
separation = 0.272716 
separation = 0.272716 
separation = 0.270859 
separation = 0.270859 
separation = 0.271382 
separation = 0.271382 
separation = 0.270938 
separation = 0.273644 
separation = 0.273112 
separation = 0.276648 
separation = 0.276648 
separation = 0.276661 
separation = 0.276661 
separation = 0.280139 
separation = 0.280139 
separation = 0.279944 
separation = 0.279944 
separation = 0.282934 
separation = 0.282934 
separation = 0.283212 
separation = 0.283212 
separation = 0.287263 
separation = 0.287263 
separation = 0.289936 
separation = 0.289936 
separation = 0.295505 
separation = 0.295505 
separation = 0.300171 
separation = 0.300171 
separation = 0.307021 
separation = 0.307021 
separation = 0.314374 
separation = 0.314374 
separation = 0.324855 
separation = 0.324855 
separation = 0.334605 
separation = 0.334605 
separation = 0.344456 
separation = 0.344456 
separation = 0.351844 
