scsp_3D_capsules_slit_trains
  
H = 10
umax = 0.0166667
ks = 0.00555556
kb = 0.000994197
nu = 0.166667
fx = 5.55556e-05
  
Re = 1
Ca = 0.3
  
reference flux = 44.4444
  
nnbins = 26
 
-----------------------------------------------
Equilibrating for 0 steps...
 
... done equilibrating!
-----------------------------------------------
 
5000
10000
15000
20000
25000
30000
35000
40000
45000
50000
55000
60000
65000
70000
75000
80000
85000
90000
95000
100000
105000
110000
115000
120000
125000
130000
135000
140000
145000
150000
155000
160000
165000
170000
175000
180000
185000
190000
195000
200000
205000
210000
215000
220000
225000
230000
slurmstepd: error: *** JOB 1390993 ON c1710 CANCELLED AT 2023-01-22T11:11:15 ***
