scsp_3D_capsules_channel
  
hydraulic diameter = 49.0392
umax = 0.03
ks = 0.00430588
nu = 0.147118
fx = 2.61739e-05
  
Re = 5
Ca = 0.3
  
reference flux = 36.3761
  
nnbins = 26
slurmstepd: error: *** JOB 1225881 ON c1705 CANCELLED AT 2022-06-30T10:27:58 ***
