scsp_3D_capsules_slit
scsp_3D_capsules_slit
scsp_3D_capsules_slit
scsp_3D_capsules_slit
scsp_3D_capsules_slit
scsp_3D_capsules_slit
scsp_3D_capsules_slit
scsp_3D_capsules_slit
scsp_3D_capsules_slit
scsp_3D_capsules_slit
scsp_3D_capsules_slit
scsp_3D_capsules_slit
scsp_3D_capsules_slit
scsp_3D_capsules_slit
scsp_3D_capsules_slit
scsp_3D_capsules_slit
scsp_3D_capsules_slit
scsp_3D_capsules_slit
scsp_3D_capsules_slit
scsp_3D_capsules_slit
scsp_3D_capsules_slit
scsp_3D_capsules_slit
scsp_3D_capsules_slit
scsp_3D_capsules_slit
scsp_3D_capsules_slit
scsp_3D_capsules_slit
scsp_3D_capsules_slit
scsp_3D_capsules_slit
scsp_3D_capsules_slit
scsp_3D_capsules_slit
scsp_3D_capsules_slit
scsp_3D_capsules_slit
  
H = 30.5
umax = 0.03
ks = 0.045
nu = 0.022875
fx = 1.47541e-06
  
Re = 40
Ca = 0.003
  
  
H = 30.5
umax = 0.03
ks = 0.045
nu = 0.022875
fx = 1.47541e-06
  
Re = 40
Ca = 0.003
  
reference flux = 146.4
  
reference flux = 146.4
  
  
H = 30.5
umax = 0.03
ks = 0.045
nu = 0.022875
fx = 1.47541e-06
  
Re = 40
Ca = 0.003
  
reference flux = 146.4
  
  
  
H = 30.5
umax = 0.03
ks = 0.045
nu = 0.022875
fx = 1.47541e-06
  
Re = 40
Ca = 0.003
  
reference flux = 146.4
  
H = 30.5
umax = 0.03
ks = 0.045
nu = 0.022875
fx = 1.47541e-06
  
Re = 40
Ca = 0.003
  
reference flux = 146.4
  
  
H = 30.5
umax = 0.03
ks = 0.045
nu = 0.022875
fx = 1.47541e-06
  
Re = 40
Ca = 0.003
  
reference flux = 146.4
  
  
H = 30.5
umax = 0.03
ks = 0.045
nu = 0.022875
fx = 1.47541e-06
  
Re = 40
Ca = 0.003
  
reference flux = 146.4
  
  
H = 30.5
umax = 0.03
ks = 0.045
nu = 0.022875
fx = 1.47541e-06
  
Re = 40
Ca = 0.003
  
reference flux = 146.4
  
  
H = 30.5
umax = 0.03
ks = 0.045
nu = 0.022875
fx = 1.47541e-06
  
Re = 40
Ca = 0.003
  
reference flux = 146.4
  
  
H = 30.5
umax = 0.03
ks = 0.045
nu = 0.022875
fx = 1.47541e-06
  
Re = 40
Ca = 0.003
  
reference flux = 146.4
  
  
H = 30.5
  
H = 30.5
umax = 0.03
ks = 0.045
nu = 0.022875
fx = 1.47541e-06
  
Re = 40
Ca = 0.003
  
reference flux = 146.4
  
umax = 0.03
ks = 0.045
nu = 0.022875
fx = 1.47541e-06
  
Re = 40
Ca = 0.003
  
reference flux = 146.4
  
  
H = 30.5
umax = 0.03
ks = 0.045
nu = 0.022875
fx = 1.47541e-06
  
Re = 40
Ca = 0.003
  
reference flux = 146.4
  
nnbins = 26
nnbins = 26
  
H = 30.5
umax = 0.03
ks = 0.045
nu = 0.022875
fx = 1.47541e-06
  
Re = 40
Ca = 0.003
  
reference flux = 146.4
  
nnbins = 26
nnbins = 26
nnbins = 26
nnbins = 26
  
  
H = 30.5
umax = 0.03
ks = 0.045
nu = 0.022875
H = 30.5
umax = 0.03
ks = 0.045
nu = 0.022875
fx = 1.47541e-06
  
Re = 40
Ca = 0.003
  
reference flux = 146.4
  
fx = 1.47541e-06
  
Re = 40
Ca = 0.003
  
reference flux = 146.4
  
nnbins = 26
nnbins = 26
nnbins = 26
nnbins = 26
  
  
H = 30.5
umax = 0.03
ks = 0.045
nu = 0.022875
fx = 1.47541e-06
  
Re = 40
Ca = 0.003
  
reference flux = 146.4
  
H = 30.5
umax = 0.03
ks = 0.045
nu = 0.022875
fx = 1.47541e-06
  
Re = 40
Ca = 0.003
  
reference flux = 146.4
  
  
  
H = 30.5
umax = 0.03
ks = 0.045
nu = 0.022875
H = 30.5
umax = 0.03
ks = 0.045
nu = 0.022875
fx = 1.47541e-06
  
fx = 1.47541e-06
  
Re = 40
Ca = 0.003
  
reference flux = 146.4
  
Re = 40
Ca = 0.003
  
reference flux = 146.4
  
  
H = 30.5
umax = 0.03
ks = 0.045
nu = 0.022875
fx = 1.47541e-06
  
Re = 40
Ca = 0.003
  
reference flux = 146.4
  
  
H = 30.5
umax = 0.03
ks = 0.045
nu = 0.022875
fx = 1.47541e-06
  
Re = 40
Ca = 0.003
  
reference flux = 146.4
  
  
H = 30.5
umax = 0.03
ks = 0.045
nu = 0.022875
fx = 1.47541e-06
  
Re = 40
Ca = 0.003
  
reference flux = 146.4
  
  
H = 30.5
umax = 0.03
ks = 0.045
nu = 0.022875
fx = 1.47541e-06
  
Re = 40
Ca = 0.003
  
reference flux = 146.4
  
  
  
H = 30.5
umax = 0.03
ks = 0.045
nu = 0.022875
fx = 1.47541e-06
  
Re = 40
Ca = 0.003
  
reference flux = 146.4
  
H = 30.5
umax = 0.03
ks = 0.045
nu = 0.022875
fx = 1.47541e-06
  
Re = 40
Ca = 0.003
  
reference flux = 146.4
  
  
H = 30.5
umax = 0.03
ks = 0.045
nu = 0.022875
fx = 1.47541e-06
  
Re = 40
Ca = 0.003
  
reference flux = 146.4
  
  
H = 30.5
umax = 0.03
ks = 0.045
nu = 0.022875
fx = 1.47541e-06
  
Re = 40
Ca = 0.003
  
reference flux = 146.4
  
  
  
  
H = 30.5
umax = 0.03
ks = 0.045
nu = 0.022875
fx = 1.47541e-06
  
Re = 40
Ca = 0.003
  
reference flux = 146.4
  
H = 30.5
umax = 0.03
ks = 0.045
nu = 0.022875
fx = 1.47541e-06
  
Re = 40
Ca = 0.003
  
reference flux = 146.4
  
  
H = 30.5
umax = 0.03
ks = 0.045
nu = 0.022875
fx = 1.47541e-06
  
Re = 40
Ca = 0.003
  
reference flux = 146.4
  
H = 30.5
umax = 0.03
ks = 0.045
nu = 0.022875
fx = 1.47541e-06
  
Re = 40
Ca = 0.003
  
reference flux = 146.4
  
nnbins = 26
nnbins = 26
nnbins = 26
nnbins = 26
nnbins = 26
nnbins = 26
nnbins = 26
nnbins = 26
nnbins = 26
nnbins = 26
nnbins = 26
nnbins = 26
nnbins = 26
nnbins = 26
nnbins = 26
nnbins = 26
nnbins = 26
nnbins = 26
nnbins = 26
nnbins = 26
nnbins = 26
nnbins = 26
 
-----------------------------------------------
Relaxing capsules...
relax step 0
 
-----------------------------------------------
Relaxing capsules...
relax step 0
 
-----------------------------------------------
Relaxing capsules...
relax step 0
 
-----------------------------------------------
Relaxing capsules...
relax step 0
 
-----------------------------------------------
Relaxing capsules...
relax step 0
 
-----------------------------------------------
 
-----------------------------------------------
Relaxing capsules...
relax step 0
Relaxing capsules...
relax step 0
 
-----------------------------------------------
Relaxing capsules...
relax step 0
 
-----------------------------------------------
Relaxing capsules...
relax step 0
 
-----------------------------------------------
Relaxing capsules...
relax step 0
 
-----------------------------------------------
Relaxing capsules...
relax step 0
 
-----------------------------------------------
Relaxing capsules...
relax step 0
 
-----------------------------------------------
Relaxing capsules...
relax step 0
 
-----------------------------------------------
Relaxing capsules...
relax step 0
 
-----------------------------------------------
Relaxing capsules...
relax step 0
 
-----------------------------------------------
Relaxing capsules...
relax step 0
 
-----------------------------------------------
Relaxing capsules...
relax step 0
 
-----------------------------------------------
Relaxing capsules...
relax step 0
 
-----------------------------------------------
Relaxing capsules...
relax step 0
 
-----------------------------------------------
Relaxing capsules...
relax step 0
 
-----------------------------------------------
Relaxing capsules...
relax step 0
 
-----------------------------------------------
Relaxing capsules...
relax step 0
 
-----------------------------------------------
Relaxing capsules...
relax step 0
 
-----------------------------------------------
Relaxing capsules...
relax step 0
 
-----------------------------------------------
Relaxing capsules...
relax step 0
 
-----------------------------------------------
Relaxing capsules...
relax step 0
 
-----------------------------------------------
Relaxing capsules...
relax step 0
 
-----------------------------------------------
Relaxing capsules...
relax step 0
 
-----------------------------------------------
Relaxing capsules...
relax step 0
 
-----------------------------------------------
Relaxing capsules...
relax step 0
 
-----------------------------------------------
Relaxing capsules...
relax step 0
 
-----------------------------------------------
Relaxing capsules...
relax step 0
relax step 10000
relax step 10000
relax step 10000
relax step 10000
relax step 10000
relax step 10000
relax step 10000
relax step 10000
relax step 10000
relax step 10000
relax step 10000
relax step 10000
relax step 10000
relax step 10000
relax step 10000
relax step 10000
relax step 10000
relax step 10000
relax step 10000
relax step 10000
relax step 10000
relax step 10000
relax step 10000
relax step 10000
relax step 10000
relax step 10000
relax step 10000
relax step 10000
