scsp_3D_capsules_slit_trains
  
H = 8
umax = 0.0208333
ks = 0.868056
kb = 0.155343
nu = 0.166667
fx = 0.000108507
  
Re = 1
Ca = 0.003
  
reference flux = 88.8889
  
nnbins = 26
 
-----------------------------------------------
Equilibrating for 0 steps...
 
... done equilibrating!
-----------------------------------------------
 
separation = 0.407036 
separation = 0.489722 
separation = 0.407036 
separation = 0.349835 
separation = 0.439243 
separation = 0.444481 
separation = 0.450418 
separation = 0.361195 
separation = 0.485137 
separation = 0.143252 
separation = 0.267009 
separation = 0.424563 
separation = 0.401844 
separation = 0.474610 
separation = 0.402381 
separation = 0.371005 
separation = 0.419168 
separation = 0.202789 
separation = 0.457930 
separation = 0.323011 
separation = 0.444481 
separation = 0.354352 
separation = 0.187687 
separation = 0.451309 
separation = 0.498937 
separation = 0.438598 
separation = 0.241704 
separation = 0.498499 
separation = 0.225991 
separation = 0.365198 
separation = 0.399471 
separation = 0.435683 
separation = 0.483384 
separation = 0.385676 
separation = 0.458530 
separation = 0.371475 
separation = 0.471528 
separation = 0.323917 
separation = 0.405771 
separation = 0.241704 
separation = 0.489990 
separation = 0.447121 
separation = 0.402589 
separation = 0.181065 
separation = 0.480516 
separation = 0.254907 
separation = 0.267009 
separation = 0.483384 
separation = 0.438024 
separation = 0.449023 
separation = 0.453575 
separation = 0.444218 
separation = 0.375695 
separation = 0.448621 
separation = 0.498937 
separation = 0.451309 
separation = 0.438598 
separation = 0.471528 
separation = 0.385676 
separation = 0.361195 
separation = 0.323011 
separation = 0.458530 
separation = 0.495226 
separation = 0.489722 
separation = 0.286301 
separation = 0.428563 
separation = 0.485167 
separation = 0.452638 
separation = 0.402381 
separation = 0.273549 
separation = 0.495226 
separation = 0.246275 
separation = 0.454473 
separation = 0.455035 
separation = 0.488111 
separation = 0.356708 
separation = 0.439243 
separation = 0.354352 
separation = 0.485137 
separation = 0.352838 
separation = 0.455035 
separation = 0.352838 
separation = 0.485167 
separation = 0.480516 
separation = 0.181065 
separation = 0.447121 
separation = 0.375695 
separation = 0.187687 
separation = 0.454473 
separation = 0.285745 
separation = 0.488111 
separation = 0.449023 
separation = 0.405508 
separation = 0.489990 
separation = 0.431262 
separation = 0.324021 
separation = 0.225991 
separation = 0.438024 
separation = 0.375998 
separation = 0.424563 
separation = 0.202789 
separation = 0.470063 
separation = 0.470063 
separation = 0.371005 
separation = 0.493968 
separation = 0.356708 
separation = 0.405771 
separation = 0.402589 
separation = 0.453575 
separation = 0.273549 
separation = 0.254907 
separation = 0.262885 
separation = 0.340154 
separation = 0.367592 
separation = 0.452638 
separation = 0.340154 
separation = 0.401844 
separation = 0.365198 
separation = 0.371475 
separation = 0.435527 
separation = 0.399471 
separation = 0.448621 
separation = 0.143252 
separation = 0.405508 
separation = 0.435683 
separation = 0.450418 
separation = 0.431262 
separation = 0.324021 
separation = 0.474610 
separation = 0.367592 
separation = 0.349835 
separation = 0.461809 
separation = 0.498499 
separation = 0.286301 
separation = 0.262885 
separation = 0.493968 
separation = 0.444218 
separation = 0.246275 
separation = 0.457930 
separation = 0.461809 
separation = 0.375998 
separation = 0.285745 
separation = 0.419168 
separation = 0.428563 
separation = 0.435527 
separation = 0.323917 
10000
20000
30000
40000
50000
60000
70000
80000
90000
100000
110000
120000
130000
140000
150000
160000
170000
180000
190000
200000
210000
220000
230000
240000
250000
260000
270000
280000
290000
300000
310000
320000
330000
340000
350000
360000
370000
380000
390000
400000
410000
420000
430000
440000
450000
460000
470000
480000
490000
500000
510000
520000
530000
540000
550000
560000
570000
580000
590000
600000
610000
620000
630000
640000
650000
660000
670000
680000
690000
700000
710000
720000
730000
740000
750000
760000
770000
780000
790000
800000
810000
820000
830000
840000
850000
860000
870000
880000
890000
900000
910000
920000
930000
940000
950000
960000
970000
980000
990000
1000000
1010000
1020000
1030000
1040000
1050000
1060000
1070000
1080000
1090000
1100000
1110000
1120000
1130000
1140000
1150000
1160000
1170000
1180000
1190000
1200000
1210000
1220000
1230000
1240000
1250000
1260000
1270000
1280000
1290000
1300000
1310000
1320000
1330000
1340000
1350000
1360000
1370000
1380000
1390000
1400000
1410000
1420000
1430000
1440000
1450000
1460000
1470000
1480000
1490000
1500000
1510000
1520000
1530000
1540000
1550000
1560000
1570000
1580000
1590000
1600000
1610000
1620000
1630000
1640000
1650000
1660000
1670000
1680000
1690000
1700000
1710000
1720000
1730000
1740000
1750000
1760000
1770000
1780000
1790000
1800000
1810000
1820000
1830000
1840000
1850000
1860000
1870000
1880000
1890000
1900000
1910000
1920000
1930000
1940000
1950000
1960000
1970000
1980000
1990000
2000000
