scsp_3D_rbcs_probe
largest array size = 772650
nBlocks = 1510, nThreads = 512
reference flux = 126.942
  
  
hydraulic diameter = 67.7763
umax (bare fluid) = 0.0491814
fx = 2.776e-05
aver shear stress in z-dir = 0.00192868
aver shear stress in y-dir = 0.000973889
  
 
-----------------------------------------------
Equilibrating for 0 steps...
 
... done equilibrating!
-----------------------------------------------
 
100000
200000
300000
400000
500000
600000
700000
800000
900000
1000000
