scsp_3D_capsules_duct_trains
  
H = 9
umax = 0.0117845
ks = 0.00277749
kb = 0.000497048
  
Ca = 0.3
  
reference flux = 9.39459
  
slurmstepd: error: *** JOB 599199 ON c1701 CANCELLED AT 2025-01-14T22:39:22 DUE TO TIME LIMIT ***
