scsp_3D_capsules_slit
  
H = 10.5
umax = 0.03
ks = 0.009
nu = 0.1575
fx = 8.57143e-05
  
Re = 2
Ca = 0.3
  
reference flux = 50.4
  
nnbins = 26
 
-----------------------------------------------
Equilibrating for 0 steps...
 
... done equilibrating!
-----------------------------------------------
 
2100
4200
6300
8400
10500
12600
14700
16800
18900
21000
23100
25200
27300
29400
31500
33600
35700
37800
39900
42000
44100
46200
48300
50400
52500
54600
56700
58800
60900
63000
65100
67200
69300
71400
73500
75600
77700
79800
81900
84000
86100
88200
90300
92400
94500
96600
98700
100800
102900
105000
107100
109200
111300
113400
115500
117600
119700
121800
123900
126000
128100
130200
132300
134400
136500
138600
140700
142800
144900
147000
149100
151200
153300
155400
157500
159600
161700
163800
165900
168000
170100
172200
174300
176400
178500
180600
182700
184800
186900
189000
191100
193200
195300
197400
199500
201600
203700
205800
207900
210000
212100
214200
216300
218400
220500
222600
224700
226800
228900
231000
233100
235200
237300
239400
241500
243600
245700
247800
249900
252000
254100
256200
258300
260400
262500
264600
266700
268800
270900
273000
275100
277200
279300
281400
283500
285600
287700
289800
291900
294000
296100
298200
300300
302400
304500
306600
308700
310800
312900
315000
317100
319200
321300
323400
325500
327600
329700
331800
333900
336000
338100
340200
342300
344400
346500
348600
350700
352800
354900
357000
359100
361200
363300
365400
367500
369600
371700
373800
375900
378000
380100
382200
384300
386400
388500
390600
392700
394800
396900
399000
401100
403200
405300
407400
409500
411600
413700
415800
417900
420000
