scsp_3D_capsules_slit
scsp_3D_capsules_slit
scsp_3D_capsules_slit
scsp_3D_capsules_slit
scsp_3D_capsules_slit
scsp_3D_capsules_slit
scsp_3D_capsules_slit
scsp_3D_capsules_slit
scsp_3D_capsules_slit
scsp_3D_capsules_slit
scsp_3D_capsules_slit
scsp_3D_capsules_slit
scsp_3D_capsules_slit
scsp_3D_capsules_slit
scsp_3D_capsules_slit
scsp_3D_capsules_slit
scsp_3D_capsules_slit
scsp_3D_capsules_slit
scsp_3D_capsules_slit
scsp_3D_capsules_slit
scsp_3D_capsules_slit
scsp_3D_capsules_slit
scsp_3D_capsules_slit
scsp_3D_capsules_slit
scsp_3D_capsules_slit
scsp_3D_capsules_slit
scsp_3D_capsules_slit
scsp_3D_capsules_slit
scsp_3D_capsules_slit
scsp_3D_capsules_slit
scsp_3D_capsules_slit
scsp_3D_capsules_slit
  
H = 30.5
umax = 0.03
ks = 0.009
nu = 0.004575
fx = 2.95082e-07
  
Re = 200
Ca = 0.003
  
reference flux = 146.4
  
  
H = 30.5
umax = 0.03
ks = 0.009
nu = 0.004575
fx = 2.95082e-07
  
Re = 200
Ca = 0.003
  
reference flux = 146.4
  
  
H = 30.5
umax = 0.03
ks = 0.009
nu = 0.004575
fx = 2.95082e-07
  
Re = 200
Ca = 0.003
  
reference flux = 146.4
  
  
H = 30.5
umax = 0.03
ks = 0.009
nu = 0.004575
fx = 2.95082e-07
  
Re = 200
Ca = 0.003
  
reference flux = 146.4
  
  
H = 30.5
umax = 0.03
ks = 0.009
nu = 0.004575
fx = 2.95082e-07
  
Re = 200
Ca = 0.003
  
reference flux = 146.4
  
  
H = 30.5
umax = 0.03
ks = 0.009
nu = 0.004575
fx = 2.95082e-07
  
Re = 200
Ca = 0.003
  
reference flux = 146.4
  
  
H = 30.5
umax = 0.03
ks = 0.009
nu = 0.004575
fx = 2.95082e-07
  
Re = 200
Ca = 0.003
  
reference flux = 146.4
  
  
H = 30.5
umax = 0.03
ks = 0.009
nu = 0.004575
fx = 2.95082e-07
  
Re = 200
Ca = 0.003
  
reference flux = 146.4
  
  
H = 30.5
umax = 0.03
ks = 0.009
nu = 0.004575
fx = 2.95082e-07
  
Re = 200
Ca = 0.003
  
reference flux = 146.4
  
  
H = 30.5
umax = 0.03
ks = 0.009
nu = 0.004575
fx = 2.95082e-07
  
Re = 200
Ca = 0.003
  
reference flux = 146.4
  
  
H = 30.5
umax = 0.03
ks = 0.009
nu = 0.004575
fx = 2.95082e-07
  
Re = 200
Ca = 0.003
  
reference flux = 146.4
  
  
H = 30.5
umax = 0.03
ks = 0.009
nu = 0.004575
fx = 2.95082e-07
  
  
H = 30.5
umax = 0.03
ks = 0.009
nu = 0.004575
fx = 2.95082e-07
  
Re = 200
Ca = 0.003
  
reference flux = 146.4
  
Re = 200
Ca = 0.003
  
reference flux = 146.4
  
  
H = 30.5
umax = 0.03
ks = 0.009
nu = 0.004575
fx = 2.95082e-07
  
Re = 200
Ca = 0.003
  
reference flux = 146.4
  
  
H = 30.5
umax = 0.03
ks = 0.009
nu = 0.004575
fx = 2.95082e-07
  
Re = 200
Ca = 0.003
  
reference flux = 146.4
  
  
  
H = 30.5
umax = 0.03
ks = 0.009
nu = 0.004575
fx = 2.95082e-07
  
H = 30.5
umax = 0.03
ks = 0.009
nu = 0.004575
fx = 2.95082e-07
  
Re = 200
Ca = 0.003
  
reference flux = 146.4
Re = 200
Ca = 0.003
  
reference flux = 146.4
  
  
  
H = 30.5
umax = 0.03
ks = 0.009
nu = 0.004575
fx = 2.95082e-07
  
Re = 200
Ca = 0.003
  
reference flux = 146.4
  
  
H = 30.5
umax = 0.03
ks = 0.009
nu = 0.004575
  
fx = 2.95082e-07
  
Re = 200
Ca = 0.003
  
reference flux = 146.4
  
H = 30.5
umax = 0.03
ks = 0.009
nu = 0.004575
fx = 2.95082e-07
  
Re = 200
Ca = 0.003
  
reference flux = 146.4
  
  
H = 30.5
umax = 0.03
ks = 0.009
nu = 0.004575
fx = 2.95082e-07
  
Re = 200
Ca = 0.003
  
reference flux = 146.4
  
  
H = 30.5
umax = 0.03
ks = 0.009
nu = 0.004575
fx = 2.95082e-07
  
Re = 200
Ca = 0.003
  
reference flux = 146.4
  
  
H = 30.5
umax = 0.03
ks = 0.009
nu = 0.004575
fx = 2.95082e-07
  
Re = 200
Ca = 0.003
  
reference flux = 146.4
  
  
  
  
H = 30.5
umax = 0.03
ks = 0.009
nu = 0.004575
fx = 2.95082e-07
  
Re = 200
Ca = 0.003
  
reference flux = 146.4
  
  
H = 30.5
umax = 0.03
ks = 0.009
nu = 0.004575
fx = 2.95082e-07
  
Re = 200
Ca = 0.003
  
reference flux = 146.4
  
H = 30.5
umax = 0.03
ks = 0.009
nu = 0.004575
fx = 2.95082e-07
  
Re = 200
Ca = 0.003
  
reference flux = 146.4
  
  
H = 30.5
umax = 0.03
ks = 0.009
nu = 0.004575
fx = 2.95082e-07
  
Re = 200
Ca = 0.003
  
reference flux = 146.4
  
H = 30.5
umax = 0.03
ks = 0.009
nu = 0.004575
fx = 2.95082e-07
  
Re = 200
Ca = 0.003
  
reference flux = 146.4
  
  
H = 30.5
umax = 0.03
ks = 0.009
nu = 0.004575
fx = 2.95082e-07
  
Re = 200
Ca = 0.003
  
reference flux = 146.4
  
  
H = 30.5
umax = 0.03
ks = 0.009
nu = 0.004575
fx = 2.95082e-07
  
Re = 200
Ca = 0.003
  
reference flux = 146.4
  
  
  
H = 30.5
umax = 0.03
ks = 0.009
nu = 0.004575
fx = 2.95082e-07
  
Re = 200
Ca = 0.003
  
reference flux = 146.4
  
H = 30.5
umax = 0.03
ks = 0.009
nu = 0.004575
fx = 2.95082e-07
  
Re = 200
Ca = 0.003
  
reference flux = 146.4
  
nnbins = 26
nnbins = 26
nnbins = 26
nnbins = 26
nnbins = 26
nnbins = 26
nnbins = 26
nnbins = 26
nnbins = 26
nnbins = 26
nnbins = 26
nnbins = 26
nnbins = 26
nnbins = 26
nnbins = 26
nnbins = 26
nnbins = 26
nnbins = 26
nnbins = 26
nnbins = 26
nnbins = 26
nnbins = 26
nnbins = 26
nnbins = 26
nnbins = 26
nnbins = 26
nnbins = 26
nnbins = 26
nnbins = 26
nnbins = 26
nnbins = 26
nnbins = 26
 
 
-----------------------------------------------
Relaxing capsules...
-----------------------------------------------
relax step 0
Relaxing capsules...
relax step 0
 
-----------------------------------------------
Relaxing capsules...
relax step 0
 
-----------------------------------------------
Relaxing capsules...
relax step 0
 
-----------------------------------------------
Relaxing capsules...
relax step 0
 
-----------------------------------------------
Relaxing capsules...
relax step 0
 
-----------------------------------------------
Relaxing capsules...
relax step 0
 
-----------------------------------------------
Relaxing capsules...
relax step 0
 
-----------------------------------------------
Relaxing capsules...
relax step 0
 
-----------------------------------------------
Relaxing capsules...
relax step 0
 
-----------------------------------------------
Relaxing capsules...
relax step 0
 
-----------------------------------------------
Relaxing capsules...
relax step 0
 
-----------------------------------------------
Relaxing capsules...
relax step 0
 
-----------------------------------------------
Relaxing capsules...
relax step 0
 
-----------------------------------------------
Relaxing capsules...
relax step 0
 
-----------------------------------------------
Relaxing capsules...
relax step 0
 
-----------------------------------------------
Relaxing capsules...
relax step 0
 
-----------------------------------------------
Relaxing capsules...
relax step 0
 
-----------------------------------------------
Relaxing capsules...
relax step 0
 
-----------------------------------------------
Relaxing capsules...
relax step 0
 
-----------------------------------------------
Relaxing capsules...
relax step 0
 
-----------------------------------------------
Relaxing capsules...
relax step 0
 
-----------------------------------------------
Relaxing capsules...
relax step 0
 
-----------------------------------------------
Relaxing capsules...
relax step 0
 
-----------------------------------------------
Relaxing capsules...
relax step 0
 
-----------------------------------------------
Relaxing capsules...
relax step 0
 
-----------------------------------------------
Relaxing capsules...
relax step 0
 
-----------------------------------------------
Relaxing capsules...
relax step 0
 
-----------------------------------------------
Relaxing capsules...
relax step 0
 
-----------------------------------------------
Relaxing capsules...
relax step 0
 
-----------------------------------------------
Relaxing capsules...
relax step 0
 
-----------------------------------------------
Relaxing capsules...
relax step 0
relax step 10000
relax step 10000
relax step 10000
relax step 10000
relax step 10000
relax step 10000
relax step 10000
relax step 10000
relax step 10000
relax step 10000
relax step 10000
relax step 10000
relax step 10000
relax step 10000
relax step 10000
relax step 10000
relax step 10000
relax step 10000
relax step 10000
relax step 10000
relax step 10000
relax step 10000
relax step 10000
relax step 10000
relax step 10000
relax step 10000
