scsp_3D_capsules_channel
  
hydraulic diameter = 49.0392
umax = 0.03
ks = 0.00215294
nu = 0.0735588
fx = 1.30869e-05
  
Re = 10
Ca = 0.3
  
reference flux = 36.3761
  
nnbins = 26
slurmstepd: error: *** JOB 1225874 ON c1613 CANCELLED AT 2022-06-30T10:27:43 ***
