scsp_3D_capsules_slit
scsp_3D_capsules_slit
scsp_3D_capsules_slit
scsp_3D_capsules_slit
scsp_3D_capsules_slit
scsp_3D_capsules_slit
scsp_3D_capsules_slit
scsp_3D_capsules_slit
scsp_3D_capsules_slit
scsp_3D_capsules_slit
scsp_3D_capsules_slit
scsp_3D_capsules_slit
scsp_3D_capsules_slit
scsp_3D_capsules_slit
scsp_3D_capsules_slit
scsp_3D_capsules_slit
scsp_3D_capsules_slit
scsp_3D_capsules_slit
scsp_3D_capsules_slit
scsp_3D_capsules_slit
scsp_3D_capsules_slit
scsp_3D_capsules_slit
scsp_3D_capsules_slit
scsp_3D_capsules_slit
scsp_3D_capsules_slit
scsp_3D_capsules_slit
scsp_3D_capsules_slit
scsp_3D_capsules_slit
scsp_3D_capsules_slit
scsp_3D_capsules_slit
scsp_3D_capsules_slit
scsp_3D_capsules_slit
  
H = 30.5
umax = 0.03
ks = 0.09
nu = 0.04575
fx = 2.95082e-06
  
Re = 20
Ca = 0.003
  
reference flux = 146.4
  
  
H = 30.5
umax = 0.03
ks = 0.09
nu = 0.04575
fx = 2.95082e-06
  
Re = 20
Ca = 0.003
  
reference flux = 146.4
  
  
H = 30.5
umax = 0.03
ks = 0.09
nu = 0.04575
fx = 2.95082e-06
  
Re = 20
Ca = 0.003
  
reference flux = 146.4
  
  
H = 30.5
umax = 0.03
ks = 0.09
nu = 0.04575
fx = 2.95082e-06
  
Re = 20
Ca = 0.003
  
reference flux = 146.4
  
  
H = 30.5
umax = 0.03
ks = 0.09
nu = 0.04575
fx = 2.95082e-06
  
Re = 20
Ca = 0.003
  
reference flux = 146.4
  
  
H = 30.5
umax = 0.03
ks = 0.09
nu = 0.04575
fx = 2.95082e-06
  
Re = 20
Ca = 0.003
  
reference flux = 146.4
  
  
H = 30.5
umax = 0.03
ks = 0.09
nu = 0.04575
fx = 2.95082e-06
  
Re = 20
Ca = 0.003
  
reference flux = 146.4
  
  
H = 30.5
umax = 0.03
ks = 0.09
nu = 0.04575
fx = 2.95082e-06
  
Re = 20
Ca = 0.003
  
reference flux = 146.4
  
  
H = 30.5
umax = 0.03
ks = 0.09
nu = 0.04575
fx = 2.95082e-06
  
Re = 20
Ca = 0.003
  
reference flux = 146.4
  
  
H = 30.5
umax = 0.03
ks = 0.09
nu = 0.04575
fx = 2.95082e-06
  
Re = 20
Ca = 0.003
  
reference flux = 146.4
  
  
  
  
H = 30.5
umax = 0.03
ks = 0.09
nu = 0.04575
fx = 2.95082e-06
  
H = 30.5
umax = 0.03
ks = 0.09
nu = 0.04575
fx = 2.95082e-06
  
Re = 20
Ca = 0.003
  
reference flux = 146.4
  
H = 30.5
umax = 0.03
ks = 0.09
nu = 0.04575
fx = 2.95082e-06
  
Re = 20
Ca = 0.003
  
reference flux = 146.4
  
Re = 20
Ca = 0.003
  
reference flux = 146.4
  
  
H = 30.5
umax = 0.03
ks = 0.09
nu = 0.04575
fx = 2.95082e-06
  
Re = 20
Ca = 0.003
  
reference flux = 146.4
  
  
H = 30.5
umax = 0.03
ks = 0.09
nu = 0.04575
fx = 2.95082e-06
  
Re = 20
Ca = 0.003
  
reference flux = 146.4
  
  
H = 30.5
umax = 0.03
ks = 0.09
nu = 0.04575
fx = 2.95082e-06
  
Re = 20
Ca = 0.003
  
reference flux = 146.4
  
  
H = 30.5
umax = 0.03
ks = 0.09
nu = 0.04575
fx = 2.95082e-06
  
Re = 20
Ca = 0.003
  
reference flux = 146.4
  
  
  
H = 30.5
umax = 0.03
ks = 0.09
nu = 0.04575
fx = 2.95082e-06
  
Re = 20
Ca = 0.003
  
reference flux = 146.4
  
H = 30.5
umax = 0.03
ks = 0.09
nu = 0.04575
fx = 2.95082e-06
  
Re = 20
Ca = 0.003
  
reference flux = 146.4
  
  
H = 30.5
umax = 0.03
ks = 0.09
nu = 0.04575
fx = 2.95082e-06
  
Re = 20
Ca = 0.003
  
reference flux = 146.4
  
  
H = 30.5
umax = 0.03
ks = 0.09
nu = 0.04575
fx = 2.95082e-06
  
Re = 20
Ca = 0.003
  
reference flux = 146.4
  
  
  
  
H = 30.5
umax = 0.03
ks = 0.09
nu = 0.04575
fx = 2.95082e-06
  
Re = 20
Ca = 0.003
  
reference flux = 146.4
  
H = 30.5
umax = 0.03
ks = 0.09
nu = 0.04575
fx = 2.95082e-06
  
Re = 20
  
H = 30.5
umax = 0.03
ks = 0.09
nu = 0.04575
fx = 2.95082e-06
  
Re = 20
Ca = 0.003
  
reference flux = 146.4
  
  
Ca = 0.003
  
reference flux = 146.4
  
H = 30.5
umax = 0.03
ks = 0.09
nu = 0.04575
fx = 2.95082e-06
  
Re = 20
Ca = 0.003
  
reference flux = 146.4
  
H = 30.5
umax = 0.03
ks = 0.09
nu = 0.04575
fx = 2.95082e-06
  
Re = 20
Ca = 0.003
  
reference flux = 146.4
  
  
H = 30.5
umax = 0.03
ks = 0.09
nu = 0.04575
fx = 2.95082e-06
  
Re = 20
Ca = 0.003
  
reference flux = 146.4
  
  
H = 30.5
umax = 0.03
ks = 0.09
nu = 0.04575
fx = 2.95082e-06
  
Re = 20
Ca = 0.003
  
reference flux = 146.4
  
  
H = 30.5
umax = 0.03
ks = 0.09
nu = 0.04575
fx = 2.95082e-06
  
Re = 20
Ca = 0.003
  
reference flux = 146.4
  
  
H = 30.5
umax = 0.03
ks = 0.09
nu = 0.04575
fx = 2.95082e-06
  
Re = 20
Ca = 0.003
  
reference flux = 146.4
  
  
  
H = 30.5
umax = 0.03
ks = 0.09
nu = 0.04575
fx = 2.95082e-06
  
Re = 20
Ca = 0.003
  
reference flux = 146.4
  
H = 30.5
umax = 0.03
ks = 0.09
nu = 0.04575
fx = 2.95082e-06
  
Re = 20
Ca = 0.003
  
reference flux = 146.4
  
nnbins = 26
nnbins = 26
nnbins = 26
nnbins = 26
nnbins = 26
nnbins = 26
nnbins = 26
nnbins = 26
nnbins = 26
nnbins = 26
nnbins = 26
nnbins = 26
nnbins = 26
nnbins = 26
nnbins = 26
nnbins = 26
nnbins = 26
nnbins = 26
nnbins = 26
nnbins = 26
nnbins = 26
nnbins = 26
nnbins = 26
nnbins = 26
nnbins = 26
nnbins = 26
nnbins = 26
nnbins = 26
nnbins = 26
nnbins = 26
nnbins = 26
nnbins = 26
 
-----------------------------------------------
Relaxing capsules...
relax step 0
 
-----------------------------------------------
Relaxing capsules...
relax step 0
 
-----------------------------------------------
Relaxing capsules...
relax step 0
 
-----------------------------------------------
Relaxing capsules...
relax step 0
 
-----------------------------------------------
Relaxing capsules...
relax step 0
 
-----------------------------------------------
Relaxing capsules...
relax step 0
 
-----------------------------------------------
Relaxing capsules...
relax step 0
 
-----------------------------------------------
Relaxing capsules...
relax step 0
 
-----------------------------------------------
Relaxing capsules...
relax step 0
 
-----------------------------------------------
Relaxing capsules...
relax step 0
 
-----------------------------------------------
Relaxing capsules...
relax step 0
 
-----------------------------------------------
Relaxing capsules...
relax step 0
 
-----------------------------------------------
Relaxing capsules...
relax step 0
 
-----------------------------------------------
Relaxing capsules...
relax step 0
 
-----------------------------------------------
Relaxing capsules...
relax step 0
 
-----------------------------------------------
Relaxing capsules...
relax step 0
 
-----------------------------------------------
Relaxing capsules...
relax step 0
 
-----------------------------------------------
Relaxing capsules...
relax step 0
 
-----------------------------------------------
Relaxing capsules...
relax step 0
 
-----------------------------------------------
Relaxing capsules...
relax step 0
 
-----------------------------------------------
Relaxing capsules...
relax step 0
 
-----------------------------------------------
Relaxing capsules...
relax step 0
 
-----------------------------------------------
Relaxing capsules...
relax step 0
 
-----------------------------------------------
Relaxing capsules...
relax step 0
 
-----------------------------------------------
Relaxing capsules...
relax step 0
 
-----------------------------------------------
Relaxing capsules...
relax step 0
 
-----------------------------------------------
Relaxing capsules...
 
-----------------------------------------------
Relaxing capsules...
relax step 0
relax step 0
 
-----------------------------------------------
Relaxing capsules...
 
-----------------------------------------------
Relaxing capsules...
relax step 0
relax step 0
 
-----------------------------------------------
Relaxing capsules...
relax step 0
 
-----------------------------------------------
Relaxing capsules...
relax step 0
relax step 10000
relax step 10000
relax step 10000
relax step 10000
relax step 10000
relax step 10000
relax step 10000
relax step 10000
relax step 10000
relax step 10000
relax step 10000
relax step 10000
relax step 10000
relax step 10000
relax step 10000
relax step 10000
relax step 10000
relax step 10000
relax step 10000
relax step 10000
relax step 10000
relax step 10000
relax step 10000
relax step 10000
relax step 10000
relax step 10000
relax step 10000
relax step 10000
relax step 10000
relax step 10000
relax step 10000
relax step 10000
