scsp_3D_capsules_slit
  
H = 15.5
umax = 0.03
ks = 0.0018
nu = 0.0465
fx = 1.16129e-05
  
Re = 10
Ca = 0.3
  
reference flux = 74.4
  
nnbins = 26
slurmstepd: error: *** JOB 1219114 ON c1615 CANCELLED AT 2022-06-22T10:16:50 ***
