scsp_3D_capsules_slit
  
H = 15.5
umax = 0.03
ks = 0.00045
nu = 0.011625
fx = 2.90323e-06
  
Re = 40
Ca = 0.3
  
reference flux = 74.4
  
nnbins = 26
slurmstepd: error: *** JOB 1219119 ON c1710 CANCELLED AT 2022-06-22T10:17:00 ***
