scsp_3D_capsules_channel
  
hydraulic diameter = 61
umax = 0.03
ks = 0.018
nu = 0.00915
fx = 1.00135e-06
  
Re = 100
Ca = 0.003
  
reference flux = 53.2182
  
nnbins = 26
slurmstepd: error: *** JOB 1224653 ON c1714 CANCELLED AT 2022-06-28T13:09:14 ***
