scsp_3D_capsules_slit
  
H = 15.5
umax = 0.03
ks = 4.5e-05
nu = 0.0011625
fx = 2.90323e-07
  
Re = 400
Ca = 0.3
  
reference flux = 74.4
  
nnbins = 26
slurmstepd: error: *** JOB 1219120 ON c1711 CANCELLED AT 2022-06-22T10:17:04 ***
