scsp_3D_capsules_slit_trains
  
H = 11
umax = 0.0151515
ks = 0.459137
kb = 0.0821651
nu = 0.166667
fx = 4.17397e-05
  
Re = 1
Ca = 0.003
  
reference flux = 88.8889
  
nnbins = 26
 
-----------------------------------------------
Equilibrating for 0 steps...
 
... done equilibrating!
-----------------------------------------------
 
separation = 0.351007 
separation = 0.351007 
separation = 0.447934 
separation = 0.423866 
separation = 0.451174 
separation = 0.365521 
separation = 0.485323 
separation = 0.426143 
separation = 0.221202 
separation = 0.221202 
separation = 0.418233 
separation = 0.363569 
separation = 0.308219 
separation = 0.442669 
separation = 0.274354 
separation = 0.374071 
separation = 0.348115 
separation = 0.486505 
separation = 0.433919 
separation = 0.365521 
separation = 0.181026 
separation = 0.482130 
separation = 0.474308 
separation = 0.360537 
separation = 0.316649 
separation = 0.447934 
separation = 0.487253 
separation = 0.200705 
separation = 0.277012 
separation = 0.436531 
separation = 0.411716 
separation = 0.200705 
separation = 0.312750 
separation = 0.194023 
separation = 0.353278 
separation = 0.489593 
separation = 0.469456 
separation = 0.231549 
separation = 0.299076 
separation = 0.455307 
separation = 0.179132 
separation = 0.469468 
separation = 0.426801 
separation = 0.254080 
separation = 0.279105 
separation = 0.344423 
separation = 0.112353 
separation = 0.426568 
separation = 0.478613 
separation = 0.387018 
separation = 0.452015 
separation = 0.418233 
separation = 0.387018 
separation = 0.463660 
separation = 0.353278 
separation = 0.194023 
separation = 0.172526 
separation = 0.331722 
separation = 0.425062 
separation = 0.165597 
separation = 0.422617 
separation = 0.398770 
separation = 0.360889 
separation = 0.376395 
separation = 0.363584 
separation = 0.335489 
separation = 0.422054 
separation = 0.355939 
separation = 0.442137 
separation = 0.330084 
separation = 0.467195 
separation = 0.451063 
separation = 0.269337 
separation = 0.435722 
separation = 0.366709 
separation = 0.238355 
separation = 0.228985 
separation = 0.436627 
separation = 0.264244 
separation = 0.422008 
separation = 0.488759 
separation = 0.327887 
separation = 0.276823 
separation = 0.331682 
separation = 0.491999 
separation = 0.368558 
separation = 0.471148 
separation = 0.339315 
separation = 0.366709 
separation = 0.480050 
separation = 0.346949 
separation = 0.435722 
separation = 0.462874 
separation = 0.460852 
separation = 0.422008 
separation = 0.473886 
separation = 0.359088 
separation = 0.437146 
separation = 0.402060 
separation = 0.420999 
separation = 0.280786 
separation = 0.319650 
separation = 0.483186 
separation = 0.360537 
separation = 0.445459 
separation = 0.443232 
separation = 0.489593 
separation = 0.399608 
separation = 0.356847 
separation = 0.352094 
separation = 0.382764 
separation = 0.368030 
separation = 0.401990 
separation = 0.428982 
separation = 0.322820 
separation = 0.413435 
separation = 0.292327 
separation = 0.260377 
separation = 0.193915 
separation = 0.482767 
separation = 0.494951 
separation = 0.423674 
separation = 0.229766 
separation = 0.457568 
separation = 0.172526 
separation = 0.452086 
separation = 0.411716 
separation = 0.411082 
separation = 0.466681 
separation = 0.471987 
separation = 0.300907 
separation = 0.487499 
separation = 0.425062 
separation = 0.212812 
separation = 0.465706 
separation = 0.300907 
separation = 0.165597 
separation = 0.234566 
separation = 0.373352 
separation = 0.496148 
separation = 0.487499 
separation = 0.368558 
separation = 0.423018 
separation = 0.429728 
separation = 0.264182 
separation = 0.243905 
separation = 0.378364 
10000
20000
30000
40000
50000
60000
70000
80000
90000
100000
110000
120000
130000
140000
150000
160000
170000
180000
190000
200000
210000
220000
230000
240000
250000
260000
270000
280000
290000
300000
310000
320000
330000
340000
350000
360000
370000
380000
390000
400000
410000
420000
430000
440000
450000
460000
470000
480000
490000
500000
510000
520000
530000
540000
550000
560000
570000
580000
590000
600000
610000
620000
630000
640000
650000
660000
670000
680000
690000
700000
710000
720000
730000
740000
750000
760000
770000
780000
790000
800000
810000
820000
830000
840000
850000
860000
870000
880000
890000
900000
910000
920000
930000
940000
950000
960000
970000
980000
990000
1000000
1010000
1020000
1030000
1040000
1050000
1060000
1070000
1080000
1090000
1100000
1110000
1120000
1130000
1140000
1150000
1160000
1170000
1180000
1190000
1200000
1210000
1220000
1230000
1240000
1250000
1260000
1270000
1280000
1290000
1300000
1310000
1320000
1330000
1340000
1350000
1360000
1370000
1380000
1390000
1400000
1410000
1420000
1430000
1440000
1450000
1460000
1470000
1480000
1490000
1500000
1510000
1520000
1530000
1540000
1550000
1560000
1570000
1580000
1590000
1600000
1610000
1620000
1630000
1640000
1650000
1660000
1670000
1680000
1690000
1700000
1710000
1720000
1730000
1740000
1750000
1760000
1770000
1780000
1790000
1800000
1810000
1820000
1830000
1840000
1850000
1860000
1870000
1880000
1890000
1900000
1910000
1920000
1930000
1940000
1950000
1960000
1970000
1980000
1990000
2000000
