scsp_3D_capsules_channel
  
hydraulic diameter = 103.877
umax = 0.03
ks = 0.0205472
nu = 0.155816
fx = 6.03438e-06
  
Re = 10
Ca = 0.03
  
reference flux = 158.95
  
nnbins = 26
 
-----------------------------------------------
Relaxing capsules...
relax step 0
relax step 10000
relax step 20000
relax step 30000
relax step 40000
relax step 50000
relax step 60000
relax step 70000
relax step 80000
relax step 0
relax step 10000
