scsp_3D_capsules_channel
  
hydraulic diameter = 49.0392
umax = 0.03
ks = 0.0107647
nu = 0.367794
fx = 6.54347e-05
  
Re = 2
Ca = 0.3
  
reference flux = 36.3761
  
nnbins = 26
slurmstepd: error: *** JOB 1225876 ON c1615 CANCELLED AT 2022-06-30T10:27:47 ***
