scsp_3D_capsules_channel
  
hydraulic diameter = 49.0392
umax = 0.03
ks = 0.000215294
nu = 0.00735588
fx = 1.30869e-06
  
Re = 100
Ca = 0.3
  
reference flux = 36.3761
  
nnbins = 26
slurmstepd: error: *** JOB 1225875 ON c1614 CANCELLED AT 2022-06-30T10:27:45 ***
