scsp_3D_capsules_channel
  
hydraulic diameter = 41.1087
umax = 0.03
ks = 5.96739e-05
nu = 0.00154158
fx = 4.24767e-07
  
Re = 400
Ca = 0.3
  
reference flux = 28.374
  
nnbins = 26
 
-----------------------------------------------
Relaxing capsules...
relax step 0
relax step 10000
relax step 20000
relax step 30000
relax step 40000
relax step 50000
relax step 60000
relax step 70000
relax step 80000
relax step 0
relax step 10000
relax step 20000
relax step 30000
relax step 40000
relax step 50000
relax step 60000
relax step 70000
relax step 80000
... done relaxing
-----------------------------------------------
 
 
-----------------------------------------------
Equilibrating for 300000 steps...
equilibration step 0
equilibration step 10000
equilibration step 20000
equilibration step 30000
equilibration step 40000
equilibration step 50000
equilibration step 60000
equilibration step 70000
equilibration step 80000
equilibration step 90000
equilibration step 100000
equilibration step 110000
equilibration step 120000
equilibration step 130000
equilibration step 140000
equilibration step 150000
equilibration step 160000
equilibration step 170000
equilibration step 180000
equilibration step 190000
equilibration step 200000
equilibration step 210000
equilibration step 220000
equilibration step 230000
equilibration step 240000
equilibration step 250000
equilibration step 260000
equilibration step 270000
equilibration step 280000
equilibration step 290000
separation = 0.493616 
separation = 0.472348 
separation = 0.464689 
separation = 0.454571 
separation = 0.459576 
separation = 0.463424 
separation = 0.484544 
separation = 0.488098 
separation = 0.473294 
separation = 0.443370 
separation = 0.430486 
separation = 0.430884 
separation = 0.422724 
separation = 0.453293 
separation = 0.453293 
separation = 0.456605 
separation = 0.496490 
separation = 0.472140 
separation = 0.444866 
separation = 0.472140 
separation = 0.444866 
separation = 0.469228 
separation = 0.449440 
separation = 0.449440 
separation = 0.469228 
separation = 0.436485 
separation = 0.424305 
separation = 0.424305 
separation = 0.436485 
separation = 0.440908 
separation = 0.430949 
separation = 0.430949 
separation = 0.440908 
separation = 0.412212 
separation = 0.408676 
separation = 0.408676 
separation = 0.412212 
separation = 0.420812 
separation = 0.419277 
separation = 0.419277 
separation = 0.420812 
separation = 0.397698 
separation = 0.403309 
separation = 0.403309 
separation = 0.397698 
separation = 0.413804 
separation = 0.418683 
separation = 0.418683 
separation = 0.413804 
separation = 0.393068 
separation = 0.393068 
separation = 0.406589 
separation = 0.406589 
separation = 0.413156 
separation = 0.413156 
separation = 0.423774 
separation = 0.423774 
separation = 0.421014 
separation = 0.401330 
separation = 0.401330 
separation = 0.421014 
separation = 0.444206 
separation = 0.423994 
separation = 0.423994 
separation = 0.444206 
separation = 0.448931 
separation = 0.415974 
separation = 0.415974 
separation = 0.448931 
separation = 0.477689 
separation = 0.435569 
separation = 0.435569 
separation = 0.477689 
separation = 0.489731 
separation = 0.433991 
separation = 0.433991 
separation = 0.489731 
separation = 0.456216 
separation = 0.456216 
separation = 0.466994 
separation = 0.466994 
separation = 0.497007 
separation = 0.497007 
 
... done equilibrating!
-----------------------------------------------
 
1500
3000
4500
6000
7500
9000
10500
12000
13500
15000
16500
18000
19500
21000
22500
24000
25500
27000
28500
30000
31500
33000
34500
36000
37500
39000
40500
42000
43500
45000
46500
48000
49500
51000
52500
54000
55500
57000
58500
60000
61500
63000
64500
66000
67500
69000
70500
72000
73500
75000
76500
78000
79500
81000
82500
84000
85500
87000
88500
90000
91500
93000
94500
96000
97500
99000
100500
102000
103500
105000
106500
108000
109500
111000
112500
114000
115500
117000
118500
120000
121500
123000
124500
126000
127500
129000
130500
132000
133500
135000
136500
138000
139500
141000
142500
144000
145500
147000
148500
150000
151500
153000
154500
156000
157500
159000
160500
162000
163500
165000
166500
168000
169500
171000
172500
174000
175500
177000
178500
180000
181500
183000
184500
186000
187500
189000
190500
192000
193500
195000
196500
198000
199500
201000
202500
204000
205500
207000
208500
210000
211500
213000
214500
216000
217500
219000
220500
222000
223500
225000
226500
228000
229500
231000
232500
234000
235500
237000
238500
240000
241500
243000
244500
246000
247500
249000
250500
252000
253500
255000
256500
258000
259500
261000
262500
264000
265500
267000
268500
270000
271500
273000
274500
276000
277500
279000
280500
282000
283500
285000
286500
288000
289500
291000
292500
294000
295500
297000
298500
300000
