scsp_3D_capsules_slit
scsp_3D_capsules_slit
scsp_3D_capsules_slit
scsp_3D_capsules_slit
scsp_3D_capsules_slit
scsp_3D_capsules_slit
scsp_3D_capsules_slit
scsp_3D_capsules_slit
scsp_3D_capsules_slit
scsp_3D_capsules_slit
scsp_3D_capsules_slit
scsp_3D_capsules_slit
scsp_3D_capsules_slit
scsp_3D_capsules_slit
scsp_3D_capsules_slit
scsp_3D_capsules_slit
scsp_3D_capsules_slit
scsp_3D_capsules_slit
scsp_3D_capsules_slit
scsp_3D_capsules_slit
scsp_3D_capsules_slit
scsp_3D_capsules_slit
scsp_3D_capsules_slit
scsp_3D_capsules_slit
scsp_3D_capsules_slit
scsp_3D_capsules_slit
scsp_3D_capsules_slit
scsp_3D_capsules_slit
scsp_3D_capsules_slit
scsp_3D_capsules_slit
scsp_3D_capsules_slit
scsp_3D_capsules_slit
  
H = 30.5
umax = 0.03
ks = 0.0225
nu = 0.0114375
fx = 7.37705e-07
  
Re = 80
Ca = 0.003
  
reference flux = 146.4
  
  
H = 30.5
umax = 0.03
ks = 0.0225
nu = 0.0114375
fx = 7.37705e-07
  
Re = 80
Ca = 0.003
  
reference flux = 146.4
  
  
H = 30.5
umax = 0.03
ks = 0.0225
nu = 0.0114375
fx = 7.37705e-07
  
Re = 80
Ca = 0.003
  
reference flux = 146.4
  
  
H = 30.5
umax = 0.03
ks = 0.0225
nu = 0.0114375
fx = 7.37705e-07
  
Re = 80
Ca = 0.003
  
reference flux = 146.4
  
  
H = 30.5
umax = 0.03
ks = 0.0225
nu = 0.0114375
fx = 7.37705e-07
  
Re = 80
Ca = 0.003
  
reference flux = 146.4
  
  
H = 30.5
umax = 0.03
ks = 0.0225
nu = 0.0114375
fx = 7.37705e-07
  
Re = 80
Ca = 0.003
  
reference flux = 146.4
  
  
H = 30.5
umax = 0.03
ks = 0.0225
nu = 0.0114375
fx = 7.37705e-07
  
Re = 80
Ca = 0.003
  
reference flux = 146.4
  
  
H = 30.5
umax = 0.03
ks = 0.0225
nu = 0.0114375
fx = 7.37705e-07
  
Re = 80
Ca = 0.003
  
reference flux = 146.4
  
  
H = 30.5
umax = 0.03
ks = 0.0225
nu = 0.0114375
fx = 7.37705e-07
  
Re = 80
Ca = 0.003
  
reference flux = 146.4
  
  
H = 30.5
umax = 0.03
ks = 0.0225
nu = 0.0114375
fx = 7.37705e-07
  
Re = 80
Ca = 0.003
  
reference flux = 146.4
  
  
H = 30.5
umax = 0.03
ks = 0.0225
nu = 0.0114375
fx = 7.37705e-07
  
Re = 80
Ca = 0.003
  
reference flux = 146.4
  
  
H = 30.5
umax = 0.03
ks = 0.0225
nu = 0.0114375
fx = 7.37705e-07
  
Re = 80
Ca = 0.003
  
reference flux = 146.4
  
  
H = 30.5
umax = 0.03
ks = 0.0225
nu = 0.0114375
fx = 7.37705e-07
  
Re = 80
Ca = 0.003
  
reference flux = 146.4
  
  
H = 30.5
umax = 0.03
ks = 0.0225
nu = 0.0114375
fx = 7.37705e-07
  
Re = 80
Ca = 0.003
  
reference flux = 146.4
  
  
H = 30.5
umax = 0.03
ks = 0.0225
nu = 0.0114375
fx = 7.37705e-07
  
Re = 80
Ca = 0.003
  
reference flux = 146.4
  
  
H = 30.5
umax = 0.03
ks = 0.0225
nu = 0.0114375
fx = 7.37705e-07
  
Re = 80
Ca = 0.003
  
reference flux = 146.4
  
  
H = 30.5
umax = 0.03
ks = 0.0225
nu = 0.0114375
fx = 7.37705e-07
  
Re = 80
Ca = 0.003
  
reference flux = 146.4
  
nnbins = 26
nnbins = 26
  
H = 30.5
umax = 0.03
ks = 0.0225
nu = 0.0114375
fx = 7.37705e-07
  
Re = 80
Ca = 0.003
  
reference flux = 146.4
  
nnbins = 26
nnbins = 26
nnbins = 26
nnbins = 26
nnbins = 26
nnbins = 26
nnbins = 26
nnbins = 26
nnbins = 26
  
H = 30.5
umax = 0.03
ks = 0.0225
nu = 0.0114375
fx = 7.37705e-07
  
Re = 80
Ca = 0.003
  
reference flux = 146.4
  
nnbins = 26
  
nnbins = 26
H = 30.5
umax = 0.03
ks = 0.0225
nu = 0.0114375
fx = 7.37705e-07
  
Re = 80
Ca = 0.003
  
reference flux = 146.4
  
  
H = 30.5
umax = 0.03
ks = 0.0225
nu = 0.0114375
fx = 7.37705e-07
  
Re = 80
Ca = 0.003
  
reference flux = 146.4
  
nnbins = 26
  
H = 30.5
umax = 0.03
ks = 0.0225
nu = 0.0114375
fx = 7.37705e-07
  
Re = 80
Ca = 0.003
  
reference flux = 146.4
  
  
H = 30.5
umax = 0.03
ks = 0.0225
nu = 0.0114375
fx = 7.37705e-07
  
Re = 80
Ca = 0.003
  
reference flux = 146.4
  
nnbins = 26
nnbins = 26
  
H = 30.5
umax = 0.03
ks = 0.0225
nu = 0.0114375
fx = 7.37705e-07
  
Re = 80
Ca = 0.003
  
reference flux = 146.4
  
  
H = 30.5
umax = 0.03
ks = 0.0225
nu = 0.0114375
fx = 7.37705e-07
  
Re = 80
Ca = 0.003
  
reference flux = 146.4
  
  
  
H = 30.5
umax = 0.03
ks = 0.0225
nu = 0.0114375
fx = 7.37705e-07
  
Re = 80
Ca = 0.003
  
reference flux = 146.4
  
H = 30.5
umax = 0.03
ks = 0.0225
nu = 0.0114375
fx = 7.37705e-07
  
Re = 80
H = 30.5
umax = 0.03
ks = 0.0225
nu = 0.0114375
fx = 7.37705e-07
  
Re = 80
Ca = 0.003
  
reference flux = 146.4
  
  
Ca = 0.003
  
reference flux = 146.4
  
  
  
H = 30.5
umax = 0.03
ks = 0.0225
nu = 0.0114375
fx = 7.37705e-07
  
Re = 80
Ca = 0.003
  
reference flux = 146.4
  
H = 30.5
umax = 0.03
ks = 0.0225
nu = 0.0114375
fx = 7.37705e-07
  
Re = 80
Ca = 0.003
  
reference flux = 146.4
  
H = 30.5
  
umax = 0.03
ks = 0.0225
nu = 0.0114375
fx = 7.37705e-07
  
Re = 80
Ca = 0.003
  
reference flux = 146.4
  
  
H = 30.5
umax = 0.03
ks = 0.0225
nu = 0.0114375
fx = 7.37705e-07
  
Re = 80
Ca = 0.003
  
reference flux = 146.4
  
nnbins = 26
nnbins = 26
nnbins = 26
nnbins = 26
nnbins = 26
nnbins = 26
nnbins = 26
nnbins = 26
nnbins = 26
nnbins = 26
nnbins = 26
nnbins = 26
nnbins = 26
nnbins = 26
nnbins = 26
nnbins = 26
 
-----------------------------------------------
Relaxing capsules...
relax step 0
 
-----------------------------------------------
Relaxing capsules...
relax step 0
 
-----------------------------------------------
Relaxing capsules...
relax step 0
 
-----------------------------------------------
Relaxing capsules...
relax step 0
 
-----------------------------------------------
Relaxing capsules...
relax step 0
 
-----------------------------------------------
Relaxing capsules...
relax step 0
 
-----------------------------------------------
Relaxing capsules...
relax step 0
 
-----------------------------------------------
Relaxing capsules...
relax step 0
 
-----------------------------------------------
Relaxing capsules...
relax step 0
 
 
-----------------------------------------------
Relaxing capsules...
relax step 0
-----------------------------------------------
Relaxing capsules...
 
relax step 0
-----------------------------------------------
Relaxing capsules...
relax step 0
 
-----------------------------------------------
Relaxing capsules...
relax step 0
 
-----------------------------------------------
Relaxing capsules...
relax step 0
 
-----------------------------------------------
Relaxing capsules...
relax step 0
 
-----------------------------------------------
Relaxing capsules...
relax step 0
 
-----------------------------------------------
Relaxing capsules...
relax step 0
 
-----------------------------------------------
Relaxing capsules...
relax step 0
 
-----------------------------------------------
Relaxing capsules...
relax step 0
 
-----------------------------------------------
Relaxing capsules...
relax step 0
 
-----------------------------------------------
Relaxing capsules...
relax step 0
 
-----------------------------------------------
Relaxing capsules...
relax step 0
 
-----------------------------------------------
Relaxing capsules...
relax step 0
 
-----------------------------------------------
Relaxing capsules...
relax step 0
 
-----------------------------------------------
Relaxing capsules...
relax step 0
 
-----------------------------------------------
Relaxing capsules...
relax step 0
 
-----------------------------------------------
Relaxing capsules...
relax step 0
 
-----------------------------------------------
Relaxing capsules...
relax step 0
 
-----------------------------------------------
Relaxing capsules...
relax step 0
 
 
-----------------------------------------------
Relaxing capsules...
relax step 0
-----------------------------------------------
Relaxing capsules...
relax step 0
 
-----------------------------------------------
Relaxing capsules...
relax step 0
srun: Job step aborted: Waiting up to 32 seconds for job step to finish.
srun: got SIGCONT
slurmstepd: error: *** JOB 1188866 ON c1615 CANCELLED AT 2022-05-18T12:31:07 ***
srun: forcing job termination
slurmstepd: error: *** STEP 1188866.0 ON c1615 CANCELLED AT 2022-05-18T12:31:07 ***
srun: error: c1615: tasks 5,30: Terminated
srun: error: c1615: tasks 6,9,12,15,17: Terminated
