scsp_3D_capsules_slit_trains
  
H = 10
umax = 0.0166667
ks = 0.00555556
kb = 0.000994197
  
Ca = 0.3
  
reference flux = 88.8889
  
nnbins = 26
slurmstepd: error: *** JOB 1558859 ON c1614 CANCELLED AT 2023-04-20T04:50:09 DUE TO TIME LIMIT ***
