scsp_3D_capsules_slit
  
H = 15.5
umax = 0.03
ks = 0.000225
nu = 0.0058125
fx = 1.45161e-06
  
Re = 80
Ca = 0.3
  
reference flux = 74.4
  
nnbins = 26
slurmstepd: error: *** JOB 1219124 ON c1714 CANCELLED AT 2022-06-22T10:17:11 ***
