scsp_3D_capsules_slit
scsp_3D_capsules_slit
scsp_3D_capsules_slit
scsp_3D_capsules_slit
scsp_3D_capsules_slit
scsp_3D_capsules_slit
scsp_3D_capsules_slit
scsp_3D_capsules_slit
scsp_3D_capsules_slit
scsp_3D_capsules_slit
scsp_3D_capsules_slit
scsp_3D_capsules_slit
scsp_3D_capsules_slit
scsp_3D_capsules_slit
scsp_3D_capsules_slit
scsp_3D_capsules_slit
scsp_3D_capsules_slit
scsp_3D_capsules_slit
scsp_3D_capsules_slit
scsp_3D_capsules_slit
scsp_3D_capsules_slit
scsp_3D_capsules_slit
scsp_3D_capsules_slit
scsp_3D_capsules_slit
scsp_3D_capsules_slit
scsp_3D_capsules_slit
scsp_3D_capsules_slit
scsp_3D_capsules_slit
scsp_3D_capsules_slit
scsp_3D_capsules_slit
scsp_3D_capsules_slit
scsp_3D_capsules_slit
  
H = 30.5
umax = 0.03
ks = 0.18
nu = 0.0915
fx = 5.90164e-06
  
Re = 10
Ca = 0.003
  
reference flux = 146.4
  
  
H = 30.5
umax = 0.03
ks = 0.18
nu = 0.0915
fx = 5.90164e-06
  
Re = 10
Ca = 0.003
  
reference flux = 146.4
  
  
H = 30.5
umax = 0.03
ks = 0.18
nu = 0.0915
fx = 5.90164e-06
  
Re = 10
Ca = 0.003
  
reference flux = 146.4
  
  
H = 30.5
umax = 0.03
ks = 0.18
nu = 0.0915
fx = 5.90164e-06
  
Re = 10
Ca = 0.003
  
reference flux = 146.4
  
  
H = 30.5
umax = 0.03
ks = 0.18
nu = 0.0915
fx = 5.90164e-06
  
Re = 10
Ca = 0.003
  
reference flux = 146.4
  
  
H = 30.5
umax = 0.03
ks = 0.18
nu = 0.0915
fx = 5.90164e-06
  
Re = 10
Ca = 0.003
  
reference flux = 146.4
  
  
H = 30.5
umax = 0.03
ks = 0.18
nu = 0.0915
fx = 5.90164e-06
  
Re = 10
Ca = 0.003
  
  
reference flux = 146.4
  
H = 30.5
umax = 0.03
ks = 0.18
nu = 0.0915
fx = 5.90164e-06
  
Re = 10
Ca = 0.003
  
reference flux = 146.4
  
  
H = 30.5
umax = 0.03
ks = 0.18
nu = 0.0915
fx = 5.90164e-06
  
Re = 10
Ca = 0.003
  
reference flux = 146.4
  
  
H = 30.5
umax = 0.03
ks = 0.18
nu = 0.0915
fx = 5.90164e-06
  
Re = 10
Ca = 0.003
  
reference flux = 146.4
  
  
H = 30.5
umax = 0.03
ks = 0.18
nu = 0.0915
fx = 5.90164e-06
  
Re = 10
Ca = 0.003
  
reference flux = 146.4
  
  
  
  
H = 30.5
umax = 0.03
H = 30.5
umax = 0.03
ks = 0.18
nu = 0.0915
fx = 5.90164e-06
  
Re = 10
Ca = 0.003
  
reference flux = 146.4
  
H = 30.5
umax = 0.03
ks = 0.18
nu = 0.0915
fx = 5.90164e-06
  
Re = 10
Ca = 0.003
  
reference flux = 146.4
  
ks = 0.18
nu = 0.0915
fx = 5.90164e-06
  
Re = 10
Ca = 0.003
  
reference flux = 146.4
  
  
H = 30.5
umax = 0.03
ks = 0.18
nu = 0.0915
fx = 5.90164e-06
  
Re = 10
Ca = 0.003
  
reference flux = 146.4
  
  
  
H = 30.5
umax = 0.03
ks = 0.18
H = 30.5
umax = 0.03
ks = 0.18
nu = 0.0915
fx = 5.90164e-06
  
Re = 10
Ca = 0.003
  
reference flux = 146.4
  
  
H = 30.5
umax = 0.03
ks = 0.18
nu = 0.0915
fx = 5.90164e-06
  
Re = 10
Ca = 0.003
  
nu = 0.0915
fx = 5.90164e-06
  
Re = 10
Ca = 0.003
  
reference flux = 146.4
  
  
reference flux = 146.4
  
H = 30.5
umax = 0.03
ks = 0.18
nu = 0.0915
fx = 5.90164e-06
  
Re = 10
  
  
Ca = 0.003
  
reference flux = 146.4
  
H = 30.5
umax = 0.03
ks = 0.18
nu = 0.0915
fx = 5.90164e-06
  
Re = 10
Ca = 0.003
  
reference flux = 146.4
  
H = 30.5
umax = 0.03
ks = 0.18
nu = 0.0915
fx = 5.90164e-06
  
Re = 10
Ca = 0.003
  
reference flux = 146.4
  
  
H = 30.5
umax = 0.03
ks = 0.18
nu = 0.0915
fx = 5.90164e-06
  
Re = 10
Ca = 0.003
  
reference flux = 146.4
  
  
H = 30.5
umax = 0.03
ks = 0.18
nu = 0.0915
fx = 5.90164e-06
  
Re = 10
Ca = 0.003
  
reference flux = 146.4
  
  
  
H = 30.5
umax = 0.03
ks = 0.18
nu = 0.0915
  
H = 30.5
umax = 0.03
ks = 0.18
nu = 0.0915
fx = 5.90164e-06
  
Re = 10
Ca = 0.003
  
H = 30.5
umax = 0.03
ks = 0.18
nu = 0.0915
fx = 5.90164e-06
  
Re = 10
Ca = 0.003
  
reference flux = 146.4
  
  
fx = 5.90164e-06
  
Re = 10
Ca = 0.003
  
reference flux = 146.4
  
  
H = 30.5
umax = 0.03
ks = 0.18
reference flux = 146.4
  
H = 30.5
umax = 0.03
ks = 0.18
nu = 0.0915
fx = 5.90164e-06
  
Re = 10
Ca = 0.003
  
reference flux = 146.4
  
  
H = 30.5
umax = 0.03
ks = 0.18
nu = 0.0915
fx = 5.90164e-06
  
Re = 10
Ca = 0.003
  
reference flux = 146.4
  
nu = 0.0915
fx = 5.90164e-06
  
Re = 10
Ca = 0.003
  
reference flux = 146.4
  
  
  
H = 30.5
  
H = 30.5
umax = 0.03
ks = 0.18
nu = 0.0915
umax = 0.03
ks = 0.18
nu = 0.0915
fx = 5.90164e-06
  
Re = 10
Ca = 0.003
  
reference flux = 146.4
  
fx = 5.90164e-06
  
Re = 10
Ca = 0.003
  
reference flux = 146.4
  
H = 30.5
umax = 0.03
ks = 0.18
nu = 0.0915
fx = 5.90164e-06
  
Re = 10
Ca = 0.003
  
reference flux = 146.4
  
nnbins = 26
nnbins = 26
nnbins = 26
nnbins = 26
nnbins = 26
nnbins = 26
nnbins = 26
nnbins = 26
nnbins = 26
nnbins = 26
nnbins = 26
nnbins = 26
nnbins = 26
nnbins = 26
nnbins = 26
nnbins = 26
nnbins = 26
nnbins = 26
nnbins = 26
nnbins = 26
nnbins = 26
nnbins = 26
nnbins = 26
nnbins = 26
nnbins = 26
nnbins = 26
nnbins = 26
nnbins = 26
nnbins = 26
nnbins = 26
nnbins = 26
nnbins = 26
 
-----------------------------------------------
Relaxing capsules...
relax step 0
 
-----------------------------------------------
Relaxing capsules...
relax step 0
 
-----------------------------------------------
Relaxing capsules...
 
-----------------------------------------------
Relaxing capsules...
relax step 0
relax step 0
 
-----------------------------------------------
Relaxing capsules...
relax step 0
 
-----------------------------------------------
Relaxing capsules...
relax step 0
 
-----------------------------------------------
Relaxing capsules...
relax step 0
 
-----------------------------------------------
Relaxing capsules...
 
-----------------------------------------------
Relaxing capsules...
relax step 0
relax step 0
 
-----------------------------------------------
Relaxing capsules...
relax step 0
 
-----------------------------------------------
Relaxing capsules...
relax step 0
 
-----------------------------------------------
Relaxing capsules...
relax step 0
 
-----------------------------------------------
Relaxing capsules...
relax step 0
 
-----------------------------------------------
Relaxing capsules...
relax step 0
 
-----------------------------------------------
Relaxing capsules...
relax step 0
 
-----------------------------------------------
Relaxing capsules...
relax step 0
 
-----------------------------------------------
Relaxing capsules...
relax step 0
 
-----------------------------------------------
Relaxing capsules...
relax step 0
 
-----------------------------------------------
Relaxing capsules...
relax step 0
 
-----------------------------------------------
Relaxing capsules...
relax step 0
 
-----------------------------------------------
Relaxing capsules...
relax step 0
 
-----------------------------------------------
Relaxing capsules...
relax step 0
 
-----------------------------------------------
Relaxing capsules...
relax step 0
 
-----------------------------------------------
Relaxing capsules...
relax step 0
 
-----------------------------------------------
Relaxing capsules...
relax step 0
 
-----------------------------------------------
Relaxing capsules...
 
relax step 0
-----------------------------------------------
Relaxing capsules...
relax step 0
 
 
-----------------------------------------------
Relaxing capsules...
relax step 0
-----------------------------------------------
Relaxing capsules...
relax step 0
 
-----------------------------------------------
Relaxing capsules...
relax step 0
 
-----------------------------------------------
Relaxing capsules...
relax step 0
 
-----------------------------------------------
Relaxing capsules...
relax step 0
relax step 10000
relax step 10000
relax step 10000
relax step 10000
relax step 10000
relax step 10000
relax step 10000
relax step 10000
relax step 10000
relax step 10000
relax step 10000
relax step 10000
relax step 10000
relax step 10000
relax step 10000
relax step 10000
relax step 10000
relax step 10000
relax step 10000
relax step 10000
relax step 10000
relax step 10000
relax step 10000
relax step 10000
relax step 10000
relax step 10000
relax step 10000
relax step 10000
relax step 10000
relax step 10000
relax step 10000
relax step 10000
relax step 20000
