scsp_3D_capsules_duct_trains
  
H = 9
umax = 0.0117845
ks = 0.00277749
kb = 0.000497048
  
Ca = 0.3
  
reference flux = 9.39459
  
slurmstepd: error: *** JOB 598738 ON c1612 CANCELLED AT 2025-01-14T09:16:09 ***
