scsp_3D_capsules_slit
scsp_3D_capsules_slit
scsp_3D_capsules_slit
scsp_3D_capsules_slit
scsp_3D_capsules_slit
scsp_3D_capsules_slit
scsp_3D_capsules_slit
scsp_3D_capsules_slit
scsp_3D_capsules_slit
scsp_3D_capsules_slit
scsp_3D_capsules_slit
scsp_3D_capsules_slit
scsp_3D_capsules_slit
scsp_3D_capsules_slit
scsp_3D_capsules_slit
scsp_3D_capsules_slit
scsp_3D_capsules_slit
scsp_3D_capsules_slit
scsp_3D_capsules_slit
scsp_3D_capsules_slit
scsp_3D_capsules_slit
scsp_3D_capsules_slit
scsp_3D_capsules_slit
scsp_3D_capsules_slit
scsp_3D_capsules_slit
scsp_3D_capsules_slit
scsp_3D_capsules_slit
scsp_3D_capsules_slit
scsp_3D_capsules_slit
scsp_3D_capsules_slit
scsp_3D_capsules_slit
scsp_3D_capsules_slit
  
H = 30.5
umax = 0.03
ks = 0.0045
nu = 0.0022875
fx = 1.47541e-07
  
Re = 400
Ca = 0.003
  
reference flux = 146.4
  
  
H = 30.5
umax = 0.03
ks = 0.0045
nu = 0.0022875
fx = 1.47541e-07
  
Re = 400
Ca = 0.003
  
reference flux = 146.4
  
  
H = 30.5
umax = 0.03
ks = 0.0045
nu = 0.0022875
fx = 1.47541e-07
  
Re = 400
Ca = 0.003
  
reference flux = 146.4
  
  
H = 30.5
umax = 0.03
ks = 0.0045
nu = 0.0022875
fx = 1.47541e-07
  
Re = 400
Ca = 0.003
  
reference flux = 146.4
  
  
H = 30.5
umax = 0.03
ks = 0.0045
nu = 0.0022875
fx = 1.47541e-07
  
Re = 400
Ca = 0.003
  
reference flux = 146.4
  
  
H = 30.5
umax = 0.03
ks = 0.0045
nu = 0.0022875
fx = 1.47541e-07
  
Re = 400
Ca = 0.003
  
reference flux = 146.4
  
  
H = 30.5
umax = 0.03
ks = 0.0045
nu = 0.0022875
fx = 1.47541e-07
  
Re = 400
Ca = 0.003
  
reference flux = 146.4
  
  
H = 30.5
umax = 0.03
ks = 0.0045
nu = 0.0022875
fx = 1.47541e-07
  
Re = 400
Ca = 0.003
  
reference flux = 146.4
  
  
  
H = 30.5
umax = 0.03
ks = 0.0045
nu = 0.0022875
fx = 1.47541e-07
  
Re = 400
Ca = 0.003
  
reference flux = 146.4
  
H = 30.5
umax = 0.03
ks = 0.0045
nu = 0.0022875
fx = 1.47541e-07
  
Re = 400
Ca = 0.003
  
reference flux = 146.4
  
  
  
H = 30.5
umax = 0.03
ks = 0.0045
nu = 0.0022875
fx = 1.47541e-07
  
Re = 400
Ca = 0.003
  
reference flux = 146.4
  
H = 30.5
umax = 0.03
ks = 0.0045
nu = 0.0022875
fx = 1.47541e-07
  
Re = 400
Ca = 0.003
  
reference flux = 146.4
  
  
H = 30.5
umax = 0.03
ks = 0.0045
nu = 0.0022875
fx = 1.47541e-07
  
Re = 400
Ca = 0.003
  
reference flux = 146.4
  
  
H = 30.5
umax = 0.03
ks = 0.0045
nu = 0.0022875
fx = 1.47541e-07
  
Re = 400
Ca = 0.003
  
reference flux = 146.4
  
  
H = 30.5
umax = 0.03
ks = 0.0045
nu = 0.0022875
fx = 1.47541e-07
  
Re = 400
Ca = 0.003
  
reference flux = 146.4
  
  
H = 30.5
umax = 0.03
ks = 0.0045
nu = 0.0022875
fx = 1.47541e-07
  
Re = 400
Ca = 0.003
  
reference flux = 146.4
  
  
H = 30.5
umax = 0.03
ks = 0.0045
nu = 0.0022875
fx = 1.47541e-07
  
Re = 400
Ca = 0.003
  
H = 30.5
umax = 0.03
ks = 0.0045
nu = 0.0022875
fx = 1.47541e-07
  
Re = 400
Ca = 0.003
  
reference flux = 146.4
  
reference flux = 146.4
  
  
  
H = 30.5
umax = 0.03
ks = 0.0045
nu = 0.0022875
fx = 1.47541e-07
  
Re = 400
Ca = 0.003
  
reference flux = 146.4
  
  
H = 30.5
umax = 0.03
ks = 0.0045
  
H = 30.5
umax = 0.03
ks = 0.0045
nu = 0.0022875
fx = 1.47541e-07
  
Re = 400
Ca = 0.003
nu = 0.0022875
fx = 1.47541e-07
  
Re = 400
Ca = 0.003
  
reference flux = 146.4
  
  
reference flux = 146.4
  
  
H = 30.5
umax = 0.03
ks = 0.0045
nu = 0.0022875
fx = 1.47541e-07
  
Re = 400
Ca = 0.003
  
reference flux = 146.4
  
  
H = 30.5
umax = 0.03
ks = 0.0045
nu = 0.0022875
fx = 1.47541e-07
  
Re = 400
Ca = 0.003
  
reference flux = 146.4
  
  
H = 30.5
umax = 0.03
ks = 0.0045
nu = 0.0022875
fx = 1.47541e-07
  
  
Re = 400
Ca = 0.003
  
reference flux = 146.4
  
H = 30.5
umax = 0.03
ks = 0.0045
nu = 0.0022875
fx = 1.47541e-07
  
Re = 400
Ca = 0.003
  
reference flux = 146.4
  
  
  
H = 30.5
umax = 0.03
ks = 0.0045
nu = 0.0022875
fx = 1.47541e-07
  
Re = 400
Ca = 0.003
  
H = 30.5
umax = 0.03
ks = 0.0045
nu = 0.0022875
fx = 1.47541e-07
  
Re = 400
Ca = 0.003
  
reference flux = 146.4
  
  
reference flux = 146.4
  
H = 30.5
umax = 0.03
ks = 0.0045
nu = 0.0022875
fx = 1.47541e-07
  
Re = 400
Ca = 0.003
  
reference flux = 146.4
  
  
  
  
H = 30.5
umax = 0.03
ks = 0.0045
nu = 0.0022875
fx = 1.47541e-07
  
Re = 400
Ca = 0.003
  
reference flux = 146.4
  
H = 30.5
umax = 0.03
ks = 0.0045
nu = 0.0022875
fx = 1.47541e-07
  
Re = 400
Ca = 0.003
  
reference flux = 146.4
  
  
H = 30.5
umax = 0.03
ks = 0.0045
nu = 0.0022875
fx = 1.47541e-07
  
Re = 400
Ca = 0.003
  
reference flux = 146.4
  
H = 30.5
umax = 0.03
ks = 0.0045
nu = 0.0022875
fx = 1.47541e-07
  
Re = 400
Ca = 0.003
  
reference flux = 146.4
  
nnbins = 26
nnbins = 26
nnbins = 26
nnbins = 26
nnbins = 26
nnbins = 26
nnbins = 26
nnbins = 26
nnbins = 26
nnbins = 26
nnbins = 26
nnbins = 26
nnbins = 26
nnbins = 26
nnbins = 26
nnbins = 26
nnbins = 26
nnbins = 26
nnbins = 26
nnbins = 26
nnbins = 26
nnbins = 26
nnbins = 26
nnbins = 26
nnbins = 26
nnbins = 26
nnbins = 26
nnbins = 26
nnbins = 26
nnbins = 26
nnbins = 26
nnbins = 26
 
-----------------------------------------------
Relaxing capsules...
relax step 0
 
-----------------------------------------------
Relaxing capsules...
relax step 0
 
-----------------------------------------------
Relaxing capsules...
relax step 0
 
-----------------------------------------------
Relaxing capsules...
relax step 0
 
-----------------------------------------------
Relaxing capsules...
relax step 0
 
-----------------------------------------------
Relaxing capsules...
relax step 0
 
-----------------------------------------------
Relaxing capsules...
relax step 0
 
-----------------------------------------------
Relaxing capsules...
relax step 0
 
-----------------------------------------------
Relaxing capsules...
relax step 0
 
-----------------------------------------------
 
-----------------------------------------------
Relaxing capsules...
relax step 0
Relaxing capsules...
relax step 0
 
-----------------------------------------------
Relaxing capsules...
relax step 0
 
-----------------------------------------------
Relaxing capsules...
relax step 0
 
-----------------------------------------------
Relaxing capsules...
relax step 0
 
-----------------------------------------------
Relaxing capsules...
relax step 0
 
-----------------------------------------------
Relaxing capsules...
relax step 0
 
-----------------------------------------------
Relaxing capsules...
relax step 0
 
-----------------------------------------------
Relaxing capsules...
relax step 0
 
-----------------------------------------------
Relaxing capsules...
relax step 0
 
-----------------------------------------------
Relaxing capsules...
relax step 0
 
-----------------------------------------------
Relaxing capsules...
relax step 0
 
-----------------------------------------------
Relaxing capsules...
relax step 0
 
-----------------------------------------------
Relaxing capsules...
relax step 0
 
-----------------------------------------------
Relaxing capsules...
relax step 0
 
-----------------------------------------------
Relaxing capsules...
relax step 0
 
-----------------------------------------------
Relaxing capsules...
relax step 0
 
-----------------------------------------------
Relaxing capsules...
relax step 0
 
-----------------------------------------------
Relaxing capsules...
relax step 0
 
-----------------------------------------------
Relaxing capsules...
relax step 0
 
-----------------------------------------------
 
-----------------------------------------------
Relaxing capsules...
relax step 0
Relaxing capsules...
relax step 0
 
-----------------------------------------------
Relaxing capsules...
relax step 0
relax step 10000
relax step 10000
relax step 10000
relax step 10000
relax step 10000
relax step 10000
relax step 10000
relax step 10000
relax step 10000
relax step 10000
relax step 10000
relax step 10000
relax step 10000
relax step 10000
relax step 10000
relax step 10000
relax step 10000
relax step 10000
relax step 10000
relax step 10000
relax step 10000
relax step 10000
